Red: Red de Vigilancia y Control de la Contaminación AtmosféricaEstación: 12040009-Castelló - Ermita
	
FECHA	Veloc.	Direc.	Temp.	H.Rel.	R.Sol.	Precip.	SO2	NO	NO2	NOx	O3
	m/s	grados	°C	% H.R.	W/m²	l/m²	µg/m³	µg/m³	µg/m³	µg/m³	µg/m³
01/01/2023	2,5	306	11,7	86	22	0	3	3	6	10	22
02/01/2023	2,1	283	12,7	89	14	0	3	7	10	21	13
03/01/2023	2	263	13,9	85	24	0	3	11	11	27	15
04/01/2023	3,5	254	12,3	83	34	0	3	8	10	21	16
05/01/2023	3,1	259	11,4	80	35	0	3	7	12	22	19
06/01/2023	2,9	270	10,8	86	35	0	3	3	8	13	23
07/01/2023	2,4	285	10,3	89	35	0	3	4	8	13	20
08/01/2023	4,2	216	18,2	68	21	0	3	2	5	7	41
09/01/2023	3,7	237	17,2	58	41	0	3	4	11	17	36
10/01/2023	2,1	307	12,2	68	43	0	4	10	14	29	28
11/01/2023	2,2	259	13,3	67	39	0	5	9	15	30	17
12/01/2023	4	273	11,7	66	40	0	4	6	15	23	25
13/01/2023	3,1	273	11	68	28	0	5	11	18	35	13
14/01/2023	2,9	256	11,7	67	50	0	8	5	14	21	22
15/01/2023	2,7	307	11,6	68	47	0	9	3	9	14	28
16/01/2023	7,1	218	14,8	48	21	0	6	3	7	11	52
17/01/2023	10,8	246	17,2	42	60	0	4	2	5	8	66
18/01/2023	7,2	286	12,2	30	68	0	4	2	6	10	64
19/01/2023	7,5	237	12,3	40	62	0	3	3	7	11	55
20/01/2023	3,5	286	14,3	45	65	0	3	4	9	14	50
21/01/2023	8,3	312	9	44	76	0	4	3	8	12	48
22/01/2023	5,3	279	9,2	32	74	0	3	2	5	7	61
23/01/2023	2,8	305	8,3	44	63	0	4	3	8	12	47
24/01/2023	3,6	329	7,7	53	75	0	4	3	8	13	38
25/01/2023	5,4	335	10,7	47	48	0	3	4	8	14	49
26/01/2023	2,5	249	8,9	61	70	0,2	3	8	17	28	24
27/01/2023	3,7	275	8,1	55	76	0	6	5	14	22	32
28/01/2023	4,3	279	8,1	55	80	0	5	3	11	15	39
29/01/2023	1,8	302	7,4	61	19	0	3	2	8	11	36
30/01/2023	4,1	257	7,4	65	83	0	4	7	16	27	23
31/01/2023	3,1	260	8,7	68	84	0	10	12	20	38	23
01/02/2023	3,9	245	9,5	71	85	0	6	7	17	27	24
02/02/2023	4,2	264	9,9	74	69	0	7	5	16	24	24
03/02/2023	4,3	246	10,2	66	94	0	8	7	20	30	24
04/02/2023	3,2	261	12	46	96	0	14	4	17	23	31
05/02/2023	3,4	254	11	59	94	0	15	3	15	19	32
06/02/2023	4,3	330	7,9	85	0	1,6	4	5	11	18	31
07/02/2023	4,4	0	11,3	63	42	0,8	3	2	5	7	54
08/02/2023	7,3	12	10,6	88	1	9,4	3	2	4	7	54
09/02/2023	3,2	10	10,2	78	66	10,4	3	2	6	8	53
10/02/2023	3,5	254	8,5	79	106	0	3	7	14	24	25
11/02/2023	4,2	272	8,9	76	89	0	3	4	13	18	33
12/02/2023	4,2	262	9,4	77	102	0	3	3	10	14	41
13/02/2023	3,5	248	9,6	79	109	0		6	16	25	30
14/02/2023	2	303	11,3	80	47	0		5	14	22	32
15/02/2023	2,7	270	11	84	71	0		7	16	26	26
16/02/2023	1,9	287	10,6	87	66	0		7	15	25	23
17/02/2023	2,6	251	10,9	74	125	0		8	18	30	23
18/02/2023	3,2	246	11,5	63	114	0		3	17	22	32
19/02/2023	1,8	235	11,7	78	116	0		3	15	19	32
20/02/2023	1,7	270	12,3	76	114	0		11	23	40	24
21/02/2023	1,7	263	11,8	77	54	0		13	23	42	17
22/02/2023	0,9	352	12,7	87	107	0,2		7	14	25	26
23/02/2023	0,9	317	13,3	90	36	0,4		4	12	17	31
24/02/2023	3,4	256	10,4	59	120	0	6	6	13	22	34
25/02/2023	3,5	266	11,1	60	134	0	5	3	10	14	40
26/02/2023	5,3	262	10,8	51	89	0	6	2	7	10	55
27/02/2023	10,8	315	7,5	31	128	0	4	2	4	6	69
28/02/2023	6,2	308	10,3	42	162	0	4	2	7	10	55
01/03/2023	3,4	317	7,9	53	166	0	6	2	8	11	53
02/03/2023	2,7	284	9,8	52	161	0	4	3	11	14	51
03/03/2023	2,8	249	10,1	59	177	0	5	6	15	23	42
04/03/2023	4,2	240	9,9	67	180	0	9	3	14	18	41
05/03/2023	3,1	274	11,1	74	163	0	9	2	11	14	46
06/03/2023	3,2	262	14,9	57	82	0	5	3	12	17	42
07/03/2023	4,8	252	17,7	52	174	0	13	5	13	20	40
08/03/2023	6,7	236	21,9	45	132	0	9	2	9	12	41
09/03/2023	5,3	246	20,4	52	39	0	12	4	11	17	37
10/03/2023	6,3	264	22,8	37	198	0	7	3	10	15	52
11/03/2023	7,2	241	25	37	194	0	16	2	7	10	51
12/03/2023	2,6	250	21,9	55	208	0	7	3	9	14	28
13/03/2023	3,6	257	19,4	66	170	0	11	4	8	13	39
14/03/2023	3,6	262	18,7	38	216	0	4	3	9	13	61
15/03/2023	2,5	214	15,1	60	216	0	11	4	14	20	42
16/03/2023	2,2	349	13,7	81	221	0	7	4	12	18	41
17/03/2023	2	242	14,3	82	157	0	4	4	12	17	36
18/03/2023	1,5	349	14,5	88	137	0	6	3	9	13	37
19/03/2023	3,2	227	15,3	69	229	0	6	2	10	13	41
20/03/2023	2,5	253	15,1	70	217	0	6	4	13	19	32
21/03/2023	1,7	13	14,6	84	185	0	5	5	9	15	47
22/03/2023	1,7	205	14,9	86	203	0	5	4	11	17	44
23/03/2023	1,6	357	15,7	85	214	0	8	6	11	19	50
24/03/2023	1,8	332	15,5	85	59	0	6	6	15	24	31
25/03/2023	2,1	33	16,9	77	236	0	12	3	11	15	45
26/03/2023	4,2	312	20,3	55	239	0	4	3	8	12	49
27/03/2023	3,6	239	17	45	250	0	4	5	11	18	63
28/03/2023	2,6	229	14,6	72	239	0	11	5	14	22	44
29/03/2023	1,7	222	15,3	79	255	0	5	6	11	20	40
30/03/2023	1,1	17	16	82	165	0	7	8	11	23	47
31/03/2023	4	268	23,5	47	99	0	7	3	10	13	48
01/04/2023	2,1	257	18,5	54	203	0	4	2	7	10	68
02/04/2023		297	19	32	265	0	4	2	5	7	83
03/04/2023	3,5	228	15,8	51	284	0	4	3	8	12	62
04/04/2023	2,1	199	14,3	65	285	0	8	4	12	19	48
05/04/2023	2,8	223	14,7	72	281	0	7	4	10	16	48
06/04/2023	2	220	14,6	77	262	0	4	5	11	19	47
07/04/2023	1,8	218	14,6	72	286	0	5	3	11	15	53
08/04/2023	1,7	64	15,6	78	280	0	5	3	9	13	63
09/04/2023	0,7	146	16,7	83	196	0	3	2	5	8	61
10/04/2023	1	13	16,9	84	216	0	4	3	8	11	53
11/04/2023	0,9	179	17,3	84	227	0	6	3	8	12	50
12/04/2023	1,7	30	18,2	74	243	0	6	4	9	14	52
13/04/2023	3,7	216	16,8	51	281	0	3	2	7	9	72
14/04/2023	1,3	309	18,3	56	264	0	7	6	12	21	49
15/04/2023	2,9	237	20,2	46	159	0	4	2	6	10	67
16/04/2023	2,4	265	17,7	42	313	0	4	2	6	8	80
17/04/2023	1,9	42	16	67	304	0	6	3	9	13	59
18/04/2023	1,7	200	16,1	76	280	0	4	4	8	13	52
19/04/2023	2	171	16,3	70	295	0	5	3	8	11	53
20/04/2023	1	84	17,2	71	299	0,2	5	5	6	13	65
21/04/2023	1,4	52	18,2	80	291	0	7	3	5	9	65
22/04/2023	1,3	36	18,5	86	198	4,8	6	2	3	5	67
23/04/2023	0,7	43	18,3	83	263	0	10	2	5	7	49
24/04/2023	1,1	197	19,7	69	290	0	9	2	6	9	46
25/04/2023	1,3	65	21,2	60	293	0	16	4	10	15	49
26/04/2023	0,8	45	20	81	304	0	8	2	3	5	59
27/04/2023	0,6	98	19,5	82	210	0	7	4	7	13	46
28/04/2023	0,6	31	20,5	80	239	0	4	7	7	17	49
29/04/2023	0,8	58	20,7	83	129	3	4	3	5	10	56
30/04/2023	1,4	187	21,4	71	220	0,4	3	4	8	13	49
01/05/2023	0,9	207	20,5	76	320	0	3	3	7	12	52
02/05/2023	1,4	196	19,3	65	312	0	8	5	11	19	50
03/05/2023	0,9	208	19,5	67	256	0	7	6	10	19	59
04/05/2023	1,5	87	19,9	75	278	0	6	4	9	15	61
05/05/2023	1,7	26	20,2	79	304	0	3	5	8	16	61
06/05/2023	1,1	128	20,4	71	266	0	7	4	9	14	54
07/05/2023	1	25	20,6	76	111	0	4	3	6	11	64
08/05/2023	1,2	208	21,4	70	277	0	4	5	8	15	54
09/05/2023	2	51	22,3	62	247	0	13	6	11	20	63
10/05/2023	1,5	202	21,8	49	305	0	4	3	6	11	78
11/05/2023	0,9	207	20,2	52	257	0	4	3	7	12	76
12/05/2023	1,1	192	18,6	50	261	0	6	4	8	14	69
13/05/2023	2,6	249	17,5	62	243	1,2	6	3	8	13	59
14/05/2023	2	219	19	58	322	0	4	3	6	11	69
15/05/2023	3,9	238	20,6	44	272	0	5	3	7	12	96
16/05/2023	6,5	285	21,3	39	312	0,4	3	3	4	8	98
17/05/2023	2,3	178	19,3	49	336	0	4	3	6	10	77
18/05/2023	2,2	217	19,1	61	251	0	6	3	6	11	71
19/05/2023	1,1	147	19	56	237	0	5	3	6	11	74
20/05/2023	1,3	220	19,1	57	303	0	5	3	7	11	71
21/05/2023	1	96	19,8	65	311	0	5	3	7	11	76
22/05/2023	0,8	25	20	72	61	0	4	4	5	10	72
23/05/2023	1,2	45	21,1	69	146	0	3	3	2	7	92
24/05/2023	1,2	43	21,2	76	219	4,2	3	4	6	12	57
25/05/2023	1,7	32	20	78	75	38,4	5	4	8	13	51
26/05/2023	1,2	8	18,3	95	31	134	3	3	5	9	51
27/05/2023		1	20,9	72	163	0	4	4	5	11	37
28/05/2023		252	20	81	72	3,2	4	3	6	10	46
29/05/2023		131	21,3	81	211	0	5	3	5	10	50
30/05/2023		166	21,2	79	196	0	3	3	5	10	53
31/05/2023		79	22,5	68	278	0	8	4	8	15	63
01/06/2023		21	21,4	81	189	0	4	3	5	10	65
02/06/2023		171	21,5	78	311	0	4	3	6	11	57
03/06/2023		146	21,9	78	264	0	4	3	4	8	53
04/06/2023		202	22,1	80	213	3,2	3	3	3	7	50
05/06/2023		170	22,3	79	258	0	3	4	3	9	54
06/06/2023		197	22,8	77	300	0	3	3	3	8	50
07/06/2023		199	22,1	79	44	0	6	6	6	15	29
08/06/2023		111	23,4	76	227	0,4	4	3	6	10	47
09/06/2023		162	25,3	69	340	0	5	3	7	11	46
10/06/2023		52	25,5	69	276	0	6	3	8	12	49
11/06/2023	1,9	3	24,4	80	241	0,4	5	3	6	10	45
12/06/2023	1,2	138	24,2	74	263	0	4	4	9	14	48
13/06/2023	2,1	200	23,1	75	222	13	5	4	13	19	52
14/06/2023	1,7	185	24,5	66	350	0,4	5	7	24	35	54
15/06/2023	2,3	167	25,7	66	341	0	9	7	28	39	60
16/06/2023	1,1	87	26	67	334	0,2	6	4	15	22	72
17/06/2023	0,9	97	26	64	346	0	7	4	9	15	84
18/06/2023	1,3	288	24	67	81	2	5	3	12	17	66
19/06/2023	1,8	331	24,9	64	236	0,2	5	4	12	18	74
20/06/2023	1,3	355	26	72	220	0	6	4	11	17	67
21/06/2023	2	30	26	77	245	3,6	4	3	4	9	66
22/06/2023	1,1	142	26,5	67	347	0,4	5	6	12	21	55
23/06/2023	1,3	165	27	64	339	0	6	5	13	21	62
24/06/2023	0,9	155	27	66	347	0	9	4	13	19	57
25/06/2023	1	39	27,6	71	325	0	5	3	6	11	70
26/06/2023	1,4	34	27,9	73	272	0	4	3	7	12	70
27/06/2023	1,6	18	27,2	74	308	0	5	5	9	16	62
28/06/2023		25	27,4	76	244	0	3	5	9	16	55
29/06/2023	1,5	47	27,3	73	287	0	4	4	6	12	62
30/06/2023	2,4	81	26,6	54	323	0	3	3	6	11	64
01/07/2023	1,5	155	25,5	65	339	0	7	4	10	16	52
02/07/2023	1,6	132	27,2	68	339	0	6	3	8	14	49
03/07/2023	1,2	13	26,1	79	158	2,2	3	4	8	13	39
04/07/2023	1,2	19	26,6	79	177	0	3	4	6	12	37
05/07/2023	1,1	1	27,1	75	272	0	3	5	6	14	44
06/07/2023	1,2	41	27,2	77	209	0,2	3	5	8	15	39
07/07/2023	1,3	358	26,7	76	176	0	3	4	7	13	49
08/07/2023	1,2	88	27,4	73	327	0	5	4	9	16	47
09/07/2023		59	27,9	76	303	0	3	4	6	12	49
10/07/2023	1,2	45	28,4	79	301	0	3	4	7	13	47
11/07/2023	1,3	120	28,7	81	241	9,8	3	3	5	9	46
12/07/2023	1,5	57	28,6	82	247	0	3	4	5	11	41
13/07/2023		73	28,3	78	274	0	3	4	3	9	44
14/07/2023	1,4	145	28,5	76	331	0	3	4	4	10	46
15/07/2023		22	29,1	77	276	0	3	3	4	8	64
16/07/2023	1,6	33	28,9	75	182	0	3	3	2	7	61
17/07/2023		45	29	79	265	0	3	3	4	8	49
18/07/2023		135	29,2	78	289	0	4	3	4	9	50
19/07/2023		42	30,1	77	283	0	6	5	11	18	48
20/07/2023	1,3	34	29,6	79	254	1,4	4	5	11	18	49
21/07/2023	1,5	20	29,5	71	323	0	5	6	14	24	39
22/07/2023	1,3	27	29,3	70	306	0	4	6	12	20	57
23/07/2023	0,7	83	29,2	80	163	0	4	5	9	16	38
24/07/2023	0,8	23	29,2	80	186	0	3	5	11	18	35
25/07/2023	1,1	62	27,9	53	305	0	5	5	12	21	47
26/07/2023	1,1	141	27,2	55	311	0	6	5	14	23	43
27/07/2023	1,5	179	28,6	70	214	0,2	8	7	17	27	36
28/07/2023	1,4	75	28,7	75	276	0	4	7	14	23	38
29/07/2023	0,8	94	28,8	76	286	0	3	5	12	20	36
30/07/2023	1,2	48	29,4	76	256	0	3	6	13	23	40
31/07/2023	0,8	150	29,8	75	253	0	3	5	12	20	36
01/08/2023	1,1	115	30,3	71	322	0	4	7	16	27	36
02/08/2023	0,9	43	29,8	76	311	0	4	6	14	24	54
03/08/2023	1,9	37	29,1	60	239	0,6	4	5	11	19	52
04/08/2023		288	27,4	38	340	0	5	5	12	20	63
05/08/2023		199	25,8	48	338	0	4	5	13	20	68
06/08/2023	1,7	170	27,1	52	327	0	6	5	16	23	45
07/08/2023	1,8	137	26,8	63	241	0	4	6	16	25	55
08/08/2023	0,5	159	27,4	75	63	0	3	5	13	21	55
09/08/2023	0,7	184	27,6	75	259	0	3	7	14	24	44
10/08/2023	1,2	69	29,6	74	277	0	5	7	16	27	54
11/08/2023	0,9	82	29,2	72	308	0	4	5	12	20	58
12/08/2023	0,9	138	28,2	75	297	0	4	5	11	18	56
13/08/2023	1,4	161	28,2	73	289	0	3	4	11	18	58
14/08/2023	1,2	65	28,2	76	278	0	4	5	11	18	45
15/08/2023	1,5	352	28,4	74	229	0	4	5	12	20	58
16/08/2023	1,3	354	28,6	72	216	0	3	5	10	17	57
17/08/2023	1,8	3	28,6	73	276	0	4	6	15	23	51
18/08/2023	0,8	152	28,7	79	196	0	4	6	12	20	39
19/08/2023	0,9	77	29	78	274	0	3	5	9	16	37
20/08/2023	0,9	166	29,3	77	297	0	4	5	11	19	40
21/08/2023	0,7	168	29,9	66	302	0	7	6	14	23	47
22/08/2023	1,3	175	29,9	59	300	0	7	8	21	33	50
23/08/2023	1	187	31,2	49	300	0	5	7	23	34	57
24/08/2023	1,1	180	30,9	50	301	0,4	5	6	18	28	67
25/08/2023	1,3	25	29,5	69	281	0	6	8	18	30	60
26/08/2023	1	302	27,9	79	191	23,2	4	7	12	22	42
27/08/2023		294	25,7	49	227	2,8	3	4	8	15	53
28/08/2023	1,5	188	26,2	43	310	0	3	5	12	20	58
29/08/2023	1,3	181	25,9	50	299	0	3	5	7	14	46
30/08/2023	2,2	202	25,1	55	264	0	4	5	13	20	46
31/08/2023	2,2	184	25,5	64	289	0	3	5	15	23	51
01/09/2023	1,7	206	26,3	74	199	0	3	5	10	18	43
02/09/2023	4,2	299	23,3	79	58	39,8	3	5	10	17	47
03/09/2023	6,8	292	24,7	83	46	15,2	3	5	9	17	66
04/09/2023	4	314	26,9	76	14	0	3	5	9	16	73
05/09/2023	0,9	2	27	80	223	0	3	5	13	21	54
06/09/2023	1,8	341	25,6	79	259	0	3	6	13	21	50
07/09/2023	0,9	4	25,2	79	166	0	3	8	15	27	47
08/09/2023	0,4	171	25,1	82	70	0	4	5	15	23	42
09/09/2023	0,8	193	25,3	78	230	0	5	6	13	23	41
10/09/2023	1,2	217	25,5	78	216	0	4	5	13	20	39
11/09/2023	1,1	198	25,4	77	215	0	4	7	15	26	42
12/09/2023	1,2	293	24,9	81	134	11,6	4				32
13/09/2023	1,9	346	25	76	252	0					40
14/09/2023	1,4	1	25,7	77	214	0					47
15/09/2023						7,6					
18/09/2023		232	25,9	54	196	0					39
19/09/2023	2,6	308	23,1	75	55	29,8	4				36
20/09/2023	1,8	227	23,1	75	223	0	3				38
21/09/2023	2,9	203	25,3	52	149	0,4	5				42
22/09/2023	2,7	252	22,8	51	240	0	5	4	15	21	44
23/09/2023	1,2	231	21,3	61	232	0	6	3	14	18	38
24/09/2023	2,9	204	22,5	70	216	0	5	2	8	11	43
25/09/2023	1	211	22,8	79	218	0	4	5	8	15	33
26/09/2023	1,2	205	22,8	77	202	0	4				33
27/09/2023	0,9	200	23,4	78	185	0	4				37
28/09/2023	0,9	215	23,8	80	171	0	5				35
29/09/2023	0,8	173	24	82	150	0	3				39
30/09/2023	1,1	215	24,6	73	167	0	5				35
01/10/2023	1,4	325	24,3	71	166	0	4				51
02/10/2023	1,3	308	23,9	84	111	0	3				35
03/10/2023	0,6	236	24,3	83	114	0,4	4				
04/10/2023	0,4	207	25,4	79	103	0	4				
05/10/2023						0,2					
06/10/2023							3				40
07/10/2023							3				39
08/10/2023							3				34
09/10/2023							4				34
10/10/2023							5				28
11/10/2023							4				29
12/10/2023							4	4	25	31	34
13/10/2023							6	7	30	40	32
14/10/2023							4	4	25	30	33
15/10/2023							4	3	16	20	37
16/10/2023							3	9	21	35	37
17/10/2023							3	13	27	47	28
18/10/2023							4	4	16	22	42
19/10/2023							3	4	12	17	65
20/10/2023							5	4	17	23	58
21/10/2023							4	2	22	25	46
22/10/2023							6	1	14	16	50
23/10/2023							4	6	22	32	50
25/10/2023							3	6	21	30	40
26/10/2023							6	7	16	27	28
27/10/2023							5	13	32	53	28
28/10/2023							6	2	13	16	48
29/10/2023							4	2	17	19	42
30/10/2023							5	12	31	49	34
31/10/2023							6	14	44	66	23
01/11/2023							7	4	19	26	39
02/11/2023							3	3	7	11	60
03/11/2023							4	4	19	24	44
04/11/2023							5	2	9	12	51
05/11/2023							7	2	13	16	53
06/11/2023							7	8	31	43	33
07/11/2023							7	9	37	51	29
08/11/2023							10	23	54	89	15
09/11/2023							6	13	40	59	20
10/11/2023							7	23	42	77	24
11/11/2023							5	4	18	23	36
12/11/2023							4	3	22	26	31
13/11/2023							6	13	45	65	19
14/11/2023							9	27	50	92	14
15/11/2023							12	19	44	73	14
16/11/2023							5	26	45	84	10
17/11/2023							6	22	37	71	16
18/11/2023							5	12	33	52	20
19/11/2023							3	6	28	37	16
20/11/2023							3	31	35	83	17
21/11/2023							5	10	23	38	34
22/11/2023							3	2	7	9	58
23/11/2023							5	14	39	61	28
24/11/2023							16	29	63	107	17
25/11/2023							8	10	33	48	25
26/11/2023							5	9	30	43	17
27/11/2023							6	43	45	110	10
28/11/2023							9	15	47	70	13
29/11/2023							8	18	34	61	22
30/11/2023							5	5	13	20	44
01/12/2023							3	4	15	21	52
02/12/2023							3	3	23	28	40
03/12/2023							5	6	31	40	26
04/12/2023							5	22	38	72	18
05/12/2023							5	23	44	78	23
06/12/2023							5	9	35	49	21
07/12/2023							7	14	39	60	14
08/12/2023							4	2	15	18	42
09/12/2023							7	8	34	46	26
10/12/2023							8	9	27	41	21
11/12/2023							12	41	38	101	9
12/12/2023							5	37	45	102	5
13/12/2023							3	19	47	77	16
14/12/2023							3	3	11	15	49
15/12/2023							5	18	47	74	24
16/12/2023							7	9	38	52	24
17/12/2023							6	4	26	32	24
18/12/2023							8	27	43	84	19
19/12/2023							6	25	59	98	12
20/12/2023							5	21	26	59	41
21/12/2023							4	9	33	47	37
22/12/2023							4	6	33	42	36
23/12/2023							4	8	25	37	40
24/12/2023							4	5	22	31	33
25/12/2023							5	4	22	28	24
26/12/2023							6	22	39	73	20
27/12/2023							5	18	42	70	22
28/12/2023							5	15	36	58	23
29/12/2023							3	21	41	73	13
30/12/2023							3	8	28	40	22
31/12/2023							4	3	22	27	29
