Red: Red de Vigilancia y Control de la Contaminación AtmosféricaEstación: 12040306-Castelló AP Mestral
	
FECHA	PM2.5	Veloc.	Direc.	Temp.	H.Rel.	PM10
	µg/m³	m/s	grados	°C	% H.R.	µg/m³
24/03/2023	36	0,8	203	15	86	50
25/03/2023	18	1,2	54	16	83	27
26/03/2023	32	1,6	23	18	68	44
27/03/2023	12	2	226	16	45	54
28/03/2023	18	1,4	189	14	71	45
29/03/2023	22	1,3	207	15	79	45
30/03/2023	20	1,5	59	15	88	28
31/03/2023	19	1,7	242	21	54	55
01/04/2023	23	2,7	199	17	58	63
02/04/2023	4	3	274	18	34	16
03/04/2023	6	2,2	211	15	50	31
04/04/2023	9	1,8	148	14	66	21
05/04/2023	14	1,9	194	14	72	37
06/04/2023	16	1,6	186	14	76	41
07/04/2023	19	1,4	186	14	71	32
08/04/2023	17	3,8	32	15	82	27
09/04/2023	17	1,4	166	16	83	26
10/04/2023	21	1,1	52	16	84	25
11/04/2023	21	1,6	151	16	86	30
12/04/2023	25	2,4	42	17	81	33
13/04/2023	8	2,8	165	16	50	29
14/04/2023	14	1,7	281	17	61	44
15/04/2023	9	2	218	19	49	21
16/04/2023	9	2,7	219	17	45	26
17/04/2023	10	2	99	15	69	21
18/04/2023	12	2	122	16	78	19
19/04/2023	12	1,6	164	16	72	20
20/04/2023	15	1,9	95	16	72	29
21/04/2023	23	2,9	60	17	83	35
22/04/2023	23	2,5	82	17	91	30
23/04/2023	29	1,7	120	17	89	34
24/04/2023	17	2,1	167	19	71	34
25/04/2023	12	1,8	86	19	69	24
26/04/2023	16	2,6	49	19	87	22
27/04/2023	14	1,3	69	18	88	19
28/04/2023	9	1,3	46	19	87	13
29/04/2023	14	2,3	83	20	91	18
30/04/2023	16	1,6	183	20	76	20
01/05/2023	10	1,9	187	20	81	12
02/05/2023	14	1,6	158	19	71	32
03/05/2023	18	1,8	193	19	73	43
04/05/2023	11	1,8	119	19	81	22
05/05/2023	16	1,7	55	19	85	26
06/05/2023	13	1,3	52	20	79	18
07/05/2023	10	2,4	45	20	83	14
11/05/2023	8	2,2	203	19	50	37
12/05/2023	7	2,6	166	18	50	28
13/05/2023	4	2,6	234	17	59	8
14/05/2023	6	2,6	194	18	57	8
15/05/2023	12	3,3	215	20	47	31
16/05/2023	9	3,8	249	20	43	32
17/05/2023	11	2,4	175	19	50	39
18/05/2023	15	2,9	156	18	62	44
19/05/2023	15	2,1	155	18	60	41
20/05/2023	12	1,9	198	19	55	22
21/05/2023	12	2,2	104	19	71	20
22/05/2023	14	3,3	22	19	77	22
23/05/2023	17	4,3	35	20	77	26
24/05/2023	23	1,7	90	20	80	37
25/05/2023	20	2,9	84	19	80	42
26/05/2023	20	2,8	12	18	98	28
27/05/2023	23	1	105	20	81	35
28/05/2023	24	1,2	198	19	82	33
29/05/2023	25	1,4	125	20	87	53
30/05/2023	20	1,5	172	20	84	43
31/05/2023	29	1,7	104	21	80	90
01/06/2023	19	2,1	7	20	87	26
02/06/2023	20	1,8	165	21	83	36
03/06/2023	16	1,6	136	21	83	19
04/06/2023	11	1,3	187	21	84	13
05/06/2023	19	1,9	174	22	83	50
06/06/2023	13	1,7	153	22	81	38
07/06/2023	14	1	162	21	83	29
08/06/2023	17	1,3	125	22	83	31
09/06/2023	36	2,9	178	24	78	122
10/06/2023	19	1,1	101	24	88	28
11/06/2023	13	1,9	69	23	88	18
12/06/2023	13	1,6	111	23	82	28
13/06/2023	11	2,1	210	23	73	33
14/06/2023	13	1,9	181	24	69	48
15/06/2023	16	1,7	154	24	75	44
16/06/2023	16	1,8	90	25	80	30
20/06/2023	27	1,8	97	25	82	51
21/06/2023	25	2,4	52	25	84	39
22/06/2023	11	1,5	145	25	79	22
23/06/2023	10	2,4	133	26	75	22
24/06/2023	10	1,4	124	26	72	19
25/06/2023	10	2	91	26	83	14
26/06/2023	8	2,2	83	27	83	12
27/06/2023	9	2,4	49	26	85	13
28/06/2023	11	1,7	44	26	88	14
29/06/2023	12	2,2	75	27	85	17
30/06/2023	7	2,6	140	27	58	17
01/07/2023	9	2	182	26	67	14
02/07/2023	10	2,1	161	27	75	15
03/07/2023	11	2,1	111	27	84	17
04/07/2023	10	1,9	80	27	85	16
05/07/2023	8	2,7	13	27	83	12
06/07/2023	8	2,5	62	27	86	13
07/07/2023	10	2,9	48	27	91	14
08/07/2023	17	1,6	92	27	85	25
09/07/2023	15	1,6	87	28	91	21
10/07/2023	19	2,3	71	28		28
11/07/2023	26	1,8	136	28		39
12/07/2023	24	3,1	57			34
13/07/2023	17	2,3	90			28
14/07/2023	16	2,3	156			39
15/07/2023	16	2,1	86			25
16/07/2023	17	3,8	54			30
17/07/2023	15	1,8	80			23
18/07/2023	20	1,5	134			30
19/07/2023	20	2,2	79	29,7	85	28
20/07/2023	18	2,9	53	29,5	87	27
21/07/2023	16	2,8	47	29,3	76	30
22/07/2023	15	3,7	51	28,9	81	31
23/07/2023	16	2	121	29,3	91	23
24/07/2023	18	2,5	58	29,4		26
25/07/2023	8	2,5	80	28,2	54	32
26/07/2023	10	1,9	147	27,4	56	47
27/07/2023	15	2,1	170	28,8	78	43
28/07/2023	13	2,1	94	29	89	25
29/07/2023	10	1,6	143	29	88	15
30/07/2023	9	2	67	29,1	88	14
31/07/2023	12	1,6	167	29,6	88	23
01/08/2023	14	1,7	126	30	87	23
02/08/2023	17	2,5	68	29,8		27
03/08/2023	16	3,7	63	28,8	70	47
04/08/2023	8	3	278	27,5	41	32
05/08/2023	5	2,1	201	26,2	51	14
06/08/2023	4	2,3	181	27,7	56	10
07/08/2023	11	3,1	121	27	77	28
08/08/2023	13	2,6	159	27,6	93	32
09/08/2023	9	1,8	197	27,8		27
10/08/2023	12	3,5	101	29,1	99	25
11/08/2023	11	1,7	110	29,2	97	20
12/08/2023	13	1,5	137	28,4	100	18
13/08/2023	9	1,8	170	28,5	100	12
14/08/2023	8	1,9	37	28,5	100	15
15/08/2023	10	2	25	28,7	100	16
16/08/2023	11	2,6	24	28,7	100	18
17/08/2023	16	1,9	48	28,8	100	26
18/08/2023	16	1,5	164	29	100	22
19/08/2023	16	1,5	83	29,2	100	20
20/08/2023	13	1,5	183	29,3	100	16
21/08/2023	14	1,5	168	29,6	81	26
22/08/2023	14	1,5	170	29,8	69	25
23/08/2023		1,6	176	30,6	59	
24/08/2023		1,4	174	30,6	58	
25/08/2023	14	1,7	97	29,6	74	23
26/08/2023	17	2,5	332	27,9	82	24
27/08/2023	14	3,1	284	25,8	50	39
28/08/2023	7	2,3	201	26,5	43	43
29/08/2023	8	1,9	196	26,4	47	60
30/08/2023	5	2,1	207	25,6	53	26
31/08/2023	7	1,9	180	26	62	32
01/09/2023	8	2	161	26,9	74	24
02/09/2023	9	3,3	323	24,2	80	15
03/09/2023	19	7,5	7	24,9	88	24
04/09/2023	29	6,8	22	26,4	84	38
05/09/2023	12	4,2	27	26,5	87	16
06/09/2023	8	2,1	8	26,1	81	11
07/09/2023	6	1,6	102	25,5	79	8
08/09/2023	7	1,3	177	25,4	81	12
09/09/2023	6	1,5	194	25,7	77	7
10/09/2023	6	1,5	191	25,7	79	6
11/09/2023	9	1,6	191	25,7	78	15
12/09/2023	10	1,6	244	25,2	81	11
13/09/2023	6	2,2	357	25,3	77	7
14/09/2023	4	2,4	16	25,7	79	6
15/09/2023	4	1,9	350	24,1	87	4
16/09/2023	5	1,4	21	24,8	84	6
17/09/2023	9	1,6	212	25,3	84	12
18/09/2023	5	2,4	205	26,5	54	12
19/09/2023	6	3	9	24,7	69	14
22/09/2023	4	2,6	225	23,4	47	19
23/09/2023	6	1,9	232	22,6	54	13
24/09/2023	6	1,8	198	23,6	68	11
25/09/2023	8	1,4	198	23,5	77	21
26/09/2023	9	1,6	200	23,3	78	28
27/09/2023	12	1,4	206	24,1	77	40
28/09/2023	9	1,5	228	24,4	81	23
29/09/2023	14	1,3	183	24,5	85	19
30/09/2023	17	1,2	196	24,6	79	25
01/10/2023	9	1,6	18	24,9	72	13
02/10/2023	11	1,8	327	24,9	84	15
03/10/2023	17	1,2	60	24,9	85	23
04/10/2023	15	1,6	191	25,7	79	42
05/10/2023	16	1,4	217	24,7	80	33
06/10/2023	19	1,3	203	24,5	85	27
07/10/2023	19	1,4	214	24,7	82	22
08/10/2023	17	1,4	218	24,2	82	21
09/10/2023	17	1,5	217	23,3	78	23
10/10/2023	20	1,4	202	22,9	76	63
11/10/2023	20	1,4	206	22,7	78	49
12/10/2023	18	1,3	211	22,6	81	22
13/10/2023	22	1,4	206	22,6	82	47
14/10/2023	16	1,4	224	24	75	24
15/10/2023	12	1,7	179	23,4	76	16
16/10/2023	15	1,7	279	23,4	83	21
17/10/2023	17	1,3	249	23,3	86	23
18/10/2023	13	2,9	187	26	57	65
19/10/2023	14	3,9	167	23,7	64	55
20/10/2023	4	2,6	216	22	46	20
21/10/2023	6	1,8	218	18,6	46	22
22/10/2023	7	2,7	343	18,8	69	13
23/10/2023	12	2,2	178	21,7	67	54
24/10/2023	8	2,6	188	21,7	48	41
25/10/2023	9	2,7	192	22,8	52	39
26/10/2023	8	2,3	186	24,3	54	44
27/10/2023	8	2	205	21,2	47	36
28/10/2023	5	2,1	214	22,1	50	12
29/10/2023	12	2,2	193	19,2	71	23
30/10/2023	11	2,3	235	20,5	56	46
31/10/2023	13	1,5	211	17,7	53	57
01/11/2023	8	2,5	176	20,1	51	35
02/11/2023	10	5,6	213	22,3	46	77
03/11/2023	3	3,9	237	18,5	40	12
04/11/2023	7	3,2	176	20,5	53	25
05/11/2023	5	2,8	216	19,8	39	9
06/11/2023	8	2	220	16,6	58	25
07/11/2023	8	2,3	230	15,1	57	31
08/11/2023	14	1,2	208	13,9	62	60
09/11/2023	10	1,3	239	15,9	70	22
10/11/2023	13	1,3	233	17,1	72	37
11/11/2023	6	1,6	129	18,6	70	10
12/11/2023	6	1,9	214	20,5	63	14
13/11/2023	15	1	228	18,9	68	58
14/11/2023	20	1	240	17,8	76	42
15/11/2023	14	0,9	203	18,5	71	41
16/11/2023	24	1	197	17,1	82	42
17/11/2023	15	1,1	258	17,7	83	28
18/11/2023	23	0,8	209	16,2	87	28
19/11/2023	20	0,6	119	14,2	100	23
20/11/2023	27	0,8	185		96	30
21/11/2023	11	2,4	247	18,2	55	50
22/11/2023	7	3,1	270	17,8	42	26
23/11/2023	21	1,7	226	14,2	49	75
24/11/2023	26	1,3	214	14,4	56	68
25/11/2023	21	1	281	15	75	37
26/11/2023	21	1,2	236		100	27
27/11/2023	31	1,1	209			44
28/11/2023	20	1	225	18,7	85	71
29/11/2023	14	1,2	242	16,5	98	26
30/11/2023	11	3,7	157	20,4	92	64
01/12/2023	9	3,3	189	19,1	65	59
02/12/2023	4	1,7	220	15	53	10
03/12/2023	9	1,6	224	12,2	63	12
04/12/2023	15	1,2	232	12,7	79	32
05/12/2023	14	1,6	220	13,3	66	59
06/12/2023	12	1,1	228	12,7	84	15
07/12/2023	27	1,3	197	13	97	45
08/12/2023	6	2,1	260	16,2	70	8
09/12/2023	15	1,3	227	16,2		24
10/12/2023	10	1,1	225			15
11/12/2023	21	0,8	240			29
12/12/2023	16	1	194			26
13/12/2023	10	1,5	248			30
14/12/2023	8	3,3	268	16,8		33
15/12/2023	12	1,7	232	15,5	58	38
16/12/2023	10	1,2	226	12,3	67	16
17/12/2023	14	1,3	221	11,1	80	17
18/12/2023	20	1,3	217	10,2	78	36
19/12/2023	28	1	222	11	69	69
20/12/2023	20	3,2	267	14,1	57	62
21/12/2023	7	2,6	233	16,7	55	23
22/12/2023	6	2,3	240	17,4	51	20
23/12/2023	8	1,3	211	13,7	64	10
24/12/2023	17	1,1	211	11,1	80	19
25/12/2023	23	1,2	224	10,6	87	25
26/12/2023	20	1,2	224	10,6	81	25
27/12/2023	24	1,4	220	10,2	78	36
28/12/2023	31	1,2	222	11	90	38
29/12/2023	36	0,9	237	11,5	91	40
30/12/2023	32	1	230	12	83	34
31/12/2023	16	1,3	193	13,8	67	21
