Red: Red de Vigilancia y Control de la Contaminación AtmosféricaEstación: 12040303-Castelló AP Llevant
	
FECHA	PM2.5	Veloc.	Direc.	Temp.	H.Rel.	PM10	Veloc.máx.
	µg/m³	m/s	grados	°C	% H.R.	µg/m³	m/s
01/01/2023	22	0,5	324	9,6	96	25	1
02/01/2023	23	0,1	286	10,4	96	28	0,3
03/01/2023	21	0,3	291	11,8	91	27	0,5
04/01/2023	15	0,3	280	10,1	89	17	0,7
05/01/2023	21	0,4	265	9,5	88	27	0,9
06/01/2023	27	0,3	319	8,7	93	29	0,7
07/01/2023	26	0,5	294	8,2	94	28	1
08/01/2023	7	3,7	222	17	69	10	6,8
09/01/2023	6	1,6	270	15,1	62	12	3,1
10/01/2023	14	1,1	318	10,5	69	19	1,9
11/01/2023	13	0,8	266	11,2	72	23	1,7
12/01/2023	14	1,5	259	10,7	64	29	2,7
13/01/2023	20	1	265	8,8	78	33	1,8
14/01/2023	18	1,2	258	9,4	72	23	2
15/01/2023	12	1,1	300	9,3	74	15	2,2
16/01/2023	5	4,4	221	13,3	48	17	7,9
17/01/2023	2	5	253	15,6	41	8	9,2
18/01/2023	3	2,5	289	10,7	29	7	5,6
19/01/2023	2	3,4	248	10,8	39	6	6,4
20/01/2023	4	1,7	334	13,1	41	8	3,6
21/01/2023	5	2,4	312	7,6	41	8	5,1
22/01/2023	5	2,5	286	8,2	29	7	5,1
23/01/2023	5	1,1	333	7,5	39	10	3,2
24/01/2023	8	1,9	334	6,7	48	12	3,8
25/01/2023	10	2,2	332	9,7	44	15	4,6
26/01/2023	14	1,2	250	7,5	57	26	2,5
27/01/2023	11	1,4	258	6,2	56	22	2,4
28/01/2023	10	1,6	309	6,8	53	12	2,9
29/01/2023	11	1,1	334	6,7	54	12	2,3
30/01/2023	25	1,7	256	5,4	66	44	2,7
31/01/2023	29	1,2	298	6,6	74	35	1,9
01/02/2023	21	1,4	255	7,3	78	33	2,2
02/02/2023	17	1,6	288	8	78	29	2,6
03/02/2023	18	1,6	243	7,9	74	29	2,6
04/02/2023	18	1,2	291	8,5	62	25	1,9
05/02/2023	18	1,3	267	8,3	67	23	2,1
06/02/2023	10	1,3	334	6,3	88	13	3,2
07/02/2023	8	1,8	356	9,8	64	12	3,9
08/02/2023	7	2,3	1	9,3	92	9	5,2
09/02/2023	8	2				11	3,9
10/02/2023	13	1,1				16	1,9
11/02/2023	20	1,3	299	6,9	78	23	2,2
12/02/2023	14	1,5	273	7,3	79	15	2,3
13/02/2023	21	1,5	254	7,6	79	27	2,4
14/02/2023	18	0,8	355	9,5	81	21	1,6
15/02/2023	16	0,6	326	9,1	87	19	1
16/02/2023	23	0,6	337	8,4	91	26	1,1
17/02/2023	20	0,9	267	8	82	26	1,6
18/02/2023	17	1,2	279	8,7	71	21	2,1
19/02/2023	26	0,8	320	9,3	83	29	1,3
20/02/2023	37	0,5	341	9,5	88	43	0,9
21/02/2023	27	0,6	322	9,5	84	33	1,2
22/02/2023	28	0,8	11	10,5	91	33	1,4
23/02/2023	28	0,6	348	11,3		35	1,3
24/02/2023	9	1,4	290	8,6	59	16	2,6
25/02/2023	10	1,5	279	9	64	12	2,4
26/02/2023	6	2,5	271	8,9	50	12	4,3
27/02/2023	5	3,5	326	5,8	29	8	7,2
28/02/2023	5	2,7	323	9,1	36	11	5,7
01/03/2023	14	1,6	347	6	49	44	2,8
02/03/2023	14	1,9	332	8,4	45	26	3,8
03/03/2023	17	1,6	262	8,2	57	35	2,7
04/03/2023	18	1,7	273	7,7	67	21	2,5
05/03/2023	18	1,4	308	8,7	76	21	2,4
06/03/2023	9	1,5	254	12,6	61	31	2,9
07/03/2023	8	2,6	273	15	55	25	4,6
08/03/2023	5	2,8	267	19,8	46	17	5,1
09/03/2023	9	2,6	264	19	51	26	4,9
10/03/2023	5	2,9	286	20,8	39	9	5,2
11/03/2023	9	2,8	261	22,1	42	26	4,9
12/03/2023	5	1,4	25	18,8	60	8	2,4
13/03/2023	7	2	70	16,9	73	10	3,8
14/03/2023	5	1,9	280	16,5	40	16	3,4
15/03/2023	8	1,3	54	12,8	65	23	2,1
16/03/2023	10	1,4	22	11,7	85	14	2,4
17/03/2023	9	1,2	15	12,1	88	12	1,9
18/03/2023	13	1,2	18	12,5	92	16	2,1
19/03/2023	5	1,7	345	13,9	71	7	3
20/03/2023	10	1,4	204	13,1	75	16	2,5
22/03/2023	20	1,1	4	12,8	87	33	1,9
23/03/2023	23	1,6	39	13,9	88	26	2,8
24/03/2023	22	0,9	3	13,2	93	29	1,6
25/03/2023	11	1,5	34	14,5	84	15	2,5
26/03/2023	19	2	19	16,9	65	27	3,8
27/03/2023	9	2	296	15	46	37	3,6
28/03/2023	13	1,6	265	12,3	76	32	2,6
29/03/2023	10	1,3	266	13,6	84	17	2,3
30/03/2023	11	1,7	39	13,9	89	15	2,9
31/03/2023	9	2,1	302	20,4	56	22	3,9
01/04/2023	11	3,1	214	16,5	59	32	5,5
02/04/2023	1	3,4	318	17	32	4	7,1
03/04/2023	4	2,5	258	14	51	14	4,4
04/04/2023	11	1,6	32	12,2	69	38	2,7
05/04/2023	7	2	239	12,9	76	10	3,2
06/04/2023	8	1,7	221	12,6	80	11	2,7
07/04/2023	9	1,5	211	12,7	76	12	2,6
08/04/2023	9	3,2	33	13,5	83	17	5,1
09/04/2023	9	1,5	119	14,8	87	12	2,4
10/04/2023	12	1,4	41	14,9	88	14	2,3
11/04/2023	14	1,4	148	15,1	90	16	2,2
12/04/2023	15	2,3	21	15,6	83	20	4
13/04/2023	3	2,6	41	15	50	8	4,5
14/04/2023	9	1,7	351	15,8	62	23	3,1
15/04/2023	4	1,9	7	18,1	50	8	3,7
16/04/2023	3	2,7	302	15,9	45	9	4,8
17/04/2023	5	2	48	13,9	70	9	3,3
18/04/2023	6	1,9	83	15	80	8	2,9
19/04/2023	8	1,5	54	14,3	76	11	2,3
20/04/2023	8	1,7	72	15,4	74	11	3
21/04/2023	10	2,4	49	16,5	85	14	3,9
22/04/2023	13	2,1	60	16,7	92	16	3,7
23/04/2023	20	1,4	55	16	92	23	2,5
24/04/2023	10	1,8	151	17,9	77	14	3
25/04/2023	8	1,7	49	18,6	70	15	2,8
26/04/2023	10	2,5	54	18,1	88	12	4,1
27/04/2023	10	1,4	61	17,5	92	12	2,1
28/04/2023	7	1,4	50	18,3	91	8	2,4
29/04/2023	10	2,2	40	18,8	94	12	3,9
30/04/2023	10	1,3	168	19,3	82	14	2,2
01/05/2023	7	1,8	129	18,7	87	8	2,9
02/05/2023	7	1,6	160	17,4	76	10	2,6
03/05/2023	9	2	228	17,7	77	16	3,3
04/05/2023	7	1,7	70	18,3	84	9	2,7
05/05/2023	10	1,8	52	18,4	89	14	3
06/05/2023	9	1,2	41	18,3	85	11	2,1
07/05/2023	6	2,2	41	18,8	87	7	3,8
08/05/2023	12	1,6	227	19,1	85	15	2,7
09/05/2023	9	1,8	42	20	74	13	3,2
10/05/2023	4	2,6	41	19,9	53	10	4,6
11/05/2023	3	2	347	18,5	52	6	3,4
12/05/2023	2	2	246	16,9	52	5	3,6
13/05/2023	3	2,2	282	16	63	4	3,7
14/05/2023	3	2,6	231	17	63	5	4,3
15/05/2023	6	3,1	256	18,3	50	12	5,3
16/05/2023	3	3,9	308	19,4	42	9	7,4
17/05/2023	5	1,9	216	17,3	53	8	3,3
18/05/2023	6	2,6	133	17,4	65	10	4,1
19/05/2023	6	1,7	90	17,1	61	9	3
20/05/2023	7	1,8	268	17,4	60	9	3
21/05/2023	7	2,2	83	17,8	74	8	3,3
22/05/2023	7	2,1	39	18,3	77	9	4,1
23/05/2023	10	3,1	48	19,4	75	14	5,5
24/05/2023	15	1,7	43	19,3	84	18	3
25/05/2023	10	2,5	46	18,1	87	13	4,2
26/05/2023	9	1,8	33	16,9	100	11	3,5
27/05/2023	16	1,1	58	18,6	85	21	1,8
28/05/2023	14	1,3	269	18,3	89	18	2,3
29/05/2023	15	1,3	85	19,5	93	21	2,2
30/05/2023	10	1,4	65	19,3	91	13	2,2
31/05/2023	16	1,6	112	20	86	21	2,6
01/06/2023	14	2,2	31	19,5	93	17	3,7
02/06/2023	12	1,7	132	19,7	90	14	2,6
03/06/2023	13	1,5	158	20,2	89	15	2,3
04/06/2023	9	1,1	306	20,3	91	10	1,8
05/06/2023	9	1,7	185	20,7	88	11	2,7
06/06/2023	6	1,5	126	21,1	87	8	2,2
07/06/2023	8	0,8	200	20,4	90	10	1,2
08/06/2023	9	1,2	138	21,2	87	13	2
09/06/2023	14	3,2	217	23,1	81	44	5,4
10/06/2023	7	1	90	23,1	89	10	1,9
11/06/2023	6	1,7	50	22,4	94	7	3,1
12/06/2023	5	1,4	129	22	87	7	2,4
13/06/2023	5	2	250	21,6	81	7	3,7
14/06/2023	4	1,8	218	22,4	77	6	3
15/06/2023	6	1,3	182	23,3	79	8	2,2
16/06/2023	6	1,5	98	24	83	8	2,7
17/06/2023	5	1,2	96	24,3	76	6	2,1
18/06/2023	9	0,5	359	22,4	75	12	1,3
19/06/2023	11	2,3	23	22,9	74	26	4,1
20/06/2023	11	1,4	76	23,9	82	22	2,4
21/06/2023	7	2,3	56	24,3	87	9	4,1
22/06/2023	3	1,2	107	24,4	81	4	2,1
23/06/2023	3	2	201	25,1	78	5	3,4
24/06/2023	4	1,2	168	25,1	76	5	2
25/06/2023		1,6	84	25,5	84		2,7
26/06/2023		2	74	26,2	83		3,5
27/06/2023		2	52	25,5	85		3,4
28/06/2023		1,7	53	25,6	90		2,9
29/06/2023		2	62	25,6	86		3,4
30/06/2023	4	2,5	26	25	57	8	4,2
01/07/2023	5	1,6	216	23,6	72	7	2,5
02/07/2023	4	1,8	180	25,1	79	5	2,7
03/07/2023	3	1,8	62	24,8	87	5	3,2
04/07/2023	3	1,7	78	25	90	4	2,9
05/07/2023	3	2,2	61	25,2	85	4	3,7
06/07/2023	3	1,9	62	25,9	87	4	3,2
07/07/2023	3	2,5	41	25,2	89	4	4,3
08/07/2023	4	1,5	86	25,4	85	5	2,3
09/07/2023	4	1,4	66	25,9	90	5	2,1
10/07/2023	5	1,8	77	26,4	92	6	3,1
11/07/2023	6	1,9	135	27	92	8	3,4
12/07/2023	6	2,9	64	27	94	7	4,9
13/07/2023	3	1,8	73	27	86	5	3
14/07/2023	3	2	167	26,9	85	4	2,9
15/07/2023	5	1,9	83	27,8	86	6	3,1
16/07/2023	3	2,6	60	27,1	83	4	4,8
17/07/2023	5	1,8	73	27,4	90	6	3,1
18/07/2023	6	1,1	95	27,3	90	8	1,8
19/07/2023	6	1,6	83	28,4	89	9	2,9
20/07/2023	5	2,7	65	28,1	90	7	4,5
21/07/2023	4	2,5	50	27,9	79	6	4,2
22/07/2023	3	2,8	60	27,5	76	4	5,1
23/07/2023	4	1,7	117	27,8	90	6	2,9
24/07/2023	5	2,1	50	27,9	91	7	3,9
25/07/2023	2	1,9	65	26,7	54	3	3,5
26/07/2023	3	1,8	60	25,3	60	6	2,7
27/07/2023	3	2,6	175	27,1	76	6	4
28/07/2023	3	1,9	84	27,3	83	4	3,1
29/07/2023	3	1,7	69	27	87	4	2,6
30/07/2023	3	2	48	27,5	86	3	3,4
31/07/2023	3	1,5	197	28	86	4	2,5
01/08/2023	4	1,7	84	28,4	84	5	2,7
02/08/2023	4	2,3	65	28	89	5	3,8
03/08/2023	2	3	63	27,5	66	5	5,3
04/08/2023	3	3,4	326	25,9	39	15	6,7
05/08/2023	3	2,1	236	23,8	52	6	3,6
06/08/2023	3	1,7	243	24,9	59	6	2,8
07/08/2023	3	2,9	117	25,1	68	7	4,5
10/08/2023	4	3	62	27,8	84	7	5,1
11/08/2023	4	1,5	90	27,5	82	7	2,5
12/08/2023	4	1,5	88	26,5	86	6	2,3
13/08/2023	4	1,7	135	26,6	83	4	2,7
14/08/2023	3	1,7	39	26,8	84	4	2,8
15/08/2023	3	1,9	30	26,9	83	4	3,3
16/08/2023	4	2	35	27,3	80	5	3,5
17/08/2023	5	1,8	31	27	84	8	3,1
18/08/2023	6	1,4	42	27,1	89	8	2,2
19/08/2023	6	1,5	55	27,6	87	7	2,5
20/08/2023	5	1,3	234	27,3	88	6	2,1
21/08/2023	5	1,5	208	27,5	84	7	2,3
22/08/2023	5	1,3	262	27,4	77	7	2
23/08/2023	5	1,6	240	28,6	63	13	2,5
24/08/2023	5	1,6	225	28,5	63	9	2,6
25/08/2023	7	1,8	52	27,6	80	9	2,8
26/08/2023	6	2	4	26,3	87	9	3,9
27/08/2023	2	3,4	325	24	54	5	7,1
28/08/2023	3	2,6	237	24,5	46	7	4,5
29/08/2023	3	1,8	252	24,2	52	5	3,1
30/08/2023	3	1,7	260	23,1	60	4	2,9
31/08/2023	2	1,8	186	23,8	69	4	3
01/09/2023	3	1,9	192	24,9	80	4	3
02/09/2023	2	1,5	342	22,1	85	2	3,6
03/09/2023	4	3	13	23,3	91	5	6,6
04/09/2023	6	2,5	26	25,5	82	9	5,8
05/09/2023	4	2,6	35	25,5	90	7	4,9
06/09/2023	4	2	16	23,9	88	6	3,5
07/09/2023	3	1,4	29	23,8	85	5	2,4
08/09/2023	3	1,2	8	23,8	88	4	2,1
09/09/2023	4	1,4	3	23,6	86	5	2,3
10/09/2023	4	1,3	14	23,9	86	5	2,2
11/09/2023	5	1,5	235	23,6	85	6	2,3
12/09/2023	5	1,5	345	23,2	89	7	2,8
13/09/2023	4	1,9	13	23,2	85	5	3,3
14/09/2023	2	1,9	32	24,1	85	3	3,3
15/09/2023	2	1,3	8	22,1	95	2	2,6
16/09/2023	3	1	32	23	91	4	1,9
17/09/2023	5	1,4	288	23,3	93	7	2,5
18/09/2023	4	2	271	24,1	62	8	3,6
19/09/2023	4	1,8	353	21,7	80	6	3,7
20/09/2023	4	1,9	274	21,4	83	7	3,1
21/09/2023	5	3,2	251	23,4	58	17	5,7
22/09/2023	3	2,1	322	21,3	52	8	3,6
23/09/2023	4	1,4	318	20,1	61	7	2,7
24/09/2023	5	1,6	236	20,9	76	8	2,8
25/09/2023	5	0,8	341	21,1	85	8	1,4
26/09/2023	5	1	251	21	86	7	1,6
27/09/2023	6	1,2	244	21,8	85	7	2
28/09/2023	4	1,3	332	22,3	88	6	2,3
29/09/2023	7	1,1	314	22,3	91	9	1,9
30/09/2023	8	1,2	261	22,2	87	9	2
01/10/2023	6	1,5	12	22,5	78	7	2,6
02/10/2023	7	1,7	4	22,4	91	9	2,8
03/10/2023	7	1	21	22,7	90	9	1,8
04/10/2023	4	1,6	256	23,8	86	6	2,5
05/10/2023	8	1,4	272	22,6	89	10	2,1
06/10/2023	10	1,1	307	22,3	91	12	1,9
07/10/2023	7	1,2	277	22,8	88	8	2
08/10/2023	9	1,2	283	21,8	89	11	2
09/10/2023	12	1,5	254	20,7	85	14	2,5
10/10/2023	10	1,5	255	20	84	15	2,3
11/10/2023	13	1,4	261	20,1	86	17	2,2
12/10/2023	13	1,3	266	19,9	88	16	2,1
13/10/2023	12	1,4	280	19,9	89	16	2,3
14/10/2023	11	1,2	346	21,6	81	14	1,9
15/10/2023	6	1,4	318	21,4	84	7	2,2
16/10/2023	8	1,3	336	21,4	88	10	2,2
17/10/2023	9	1,1	327	21,1	93	10	1,9
18/10/2023	5	3,9	241	24,3	61	11	6,9
19/10/2023	5	4,6	211	22,2	64	12	7,8
20/10/2023	2	3,3	257	20	48	4	6,1
21/10/2023	5	1,5	266	15,6	53	7	2,5
22/10/2023	3	1,4	349	16,3	70	4	3
23/10/2023	4	2,5	225	20	69	8	4,7
24/10/2023	3	2,9	245	20,1	48	7	5,6
25/10/2023	5	3,3	244	21,4	51	14	5,7
26/10/2023	3	3	240	22,8	55	8	5,6
27/10/2023	4	2,1	255	18,9	51	9	4,1
28/10/2023	3	2,5	259	20,2	51	5	4,8
29/10/2023	6	2,2	240	17,4	72	10	4
30/10/2023	4	2,4	272	18,1	60	9	4,5
31/10/2023	10	1	302	15,3	55	25	1,9
01/11/2023	5	3,2	242	17,8	55	11	5,6
02/11/2023	7	6,8	259	20,8	47	11	11,9
03/11/2023	3	4,2	275	16,5	41	6	8
04/11/2023	4	4,5	244	18,6	54	8	8,3
05/11/2023	4	3,1	262	17,3	41	6	5,7
06/11/2023	6	1,2	321	13,7	61	17	2,4
07/11/2023	6	1,5	314	12,2	61	14	2,7
08/11/2023	9	0,9	269	10,8	69	17	1,7
09/11/2023	8	1,1	350	13,6	72	14	2,3
10/11/2023	8	1	295	15	71	18	2
11/11/2023	5	2,2	265	17,3	67	7	4,2
12/11/2023	5	1,9	261	19	63	8	3,3
13/11/2023	11	0,8	316	16,5	71	32	1,6
14/11/2023	13	0,7	339	15,5	77	31	1,5
15/11/2023		0,7	290	15,9	75		1,4
16/11/2023		0,7	253	14,4	89		1,3
17/11/2023		0,6	349	15,4	87		1,4
18/11/2023		0,5	274	13,5	91		1
19/11/2023	17	0,4	28	12,2	100	23	0,9
20/11/2023	20	0,8	260	11,8	100	23	1,6
21/11/2023	5	2,1	293	15,7	52	13	4,8
22/11/2023	2	3,1	310	16,1	37	7	6,3
23/11/2023	9	1,8	279	11,1	50	15	2,8
24/11/2023	16	1,3	284	10,9	56	30	2,1
25/11/2023	14	1,2	347	12,2	71	18	2,1
26/11/2023	17	0,9	323	10,3	92	20	1,6
27/11/2023	19	0,8	300	10,8	88	26	1,6
28/11/2023	13	0,7	283	15,5	63	19	1,6
29/11/2023	8	1,2	298	15	77	10	2,5
30/11/2023	3	4,9	205	19,4	63	9	8,2
01/12/2023	3	4,3	238	17,8	49	7	7,5
02/12/2023	7	1,7	275	12,5	48	9	3,2
03/12/2023	10	1,3	280	9	63	12	2,2
04/12/2023	12	0,9	312	10,5	70	15	2
05/12/2023	12	1,3	282	10,2	63	16	2,4
06/12/2023	12	0,9	296	9,9	77	14	1,6
07/12/2023	18	0,9	290	10,4	87	20	1,8
08/12/2023	5	2	294	14,4	61	6	4,3
09/12/2023	11	1	288	13,1	62	14	2
10/12/2023	14	0,6	350	14,8	80	15	1,4
11/12/2023	18	0,4	313	12,2	92	22	1
12/12/2023	14	0,6	346	13,2	83	18	1,6
13/12/2023	6	1,2	289	13,3	60	9	2,5
14/12/2023	3	3,2	310	14,6	37	7	7
15/12/2023	9	1,4	287	12,3	60	18	2,9
16/12/2023	12	0,9	310	8,7	70	13	1,6
17/12/2023	14	1,2	322	7,9	83	14	1,9
18/12/2023	15	1	306	6,7	83	18	1,6
19/12/2023	20	0,9	322	7,6	72	26	1,6
20/12/2023	10	3,5	326	10,7	58	18	7
21/12/2023	7	2,3	269	14,1	53	14	4,4
22/12/2023	5	2	291	14,8	50	10	4
23/12/2023	9	1,2	280	10,5	62	10	2,2
24/12/2023	11	0,9	288	8	81	12	1,5
25/12/2023	13	0,9	297	7,2	90	14	1,5
26/12/2023	18	1	313	7,2	82	19	1,5
27/12/2023	18	1,3	290	6,9	77	20	1,9
28/12/2023	23	0,7	309	7,3	91	25	1,4
29/12/2023	28	0,5	328	8,5	93	29	1,3
30/12/2023	24	0,6	333	9,1	86	25	1,2
31/12/2023	16	1,4	268	10,4	71	17	2,7
