Red: Red de Vigilancia y Control de la Contaminación AtmosféricaEstación: 12040304-Castelló AP Ponent
	
FECHA	PM2.5	Veloc.	Direc.	Temp.	H.Rel.	PM10	Veloc.máx.
	µg/m³	m/s	grados	°C	% H.R.	µg/m³	m/s
01/01/2023	12	1,7	352	10,2	100	13	2,5
02/01/2023	12	1,2	284	11,3	99	14	1,8
03/01/2023	11	1,4	295	12,6	96	13	2,1
04/01/2023	8	1,9	290	10,9	96	9	2,6
05/01/2023	11	1,9	269	10,2	95	15	2,7
06/01/2023	14	1,6	330	9,3	98	16	2,2
07/01/2023	17	1,8	296	9	99	19	2,6
08/01/2023	4	5,4	244	18	83	5	8,4
09/01/2023	4	2,7	272	16,1	75	6	4,3
10/01/2023	7	2	336	11,2	81	11	2,9
11/01/2023	8	1,8	278	11,9	84	12	2,8
12/01/2023	6	2,7	272	11,4	76	9	3,9
13/01/2023	10	2,1	281	9,7	86	15	3
14/01/2023	9	2,2	274	10,1	83	11	3
15/01/2023	6	2,2	317	10,1	85	8	3,3
16/01/2023	4	5,9	245	14,2	60	12	9,5
17/01/2023		6,3	272	16,5	51		10,6
18/01/2023		3,7	307	11,3	37		6,8
19/01/2023		5	268	11,5	47		7,9
20/01/2023	3	3	347	13,9	49	5	5
21/01/2023	3	3,7	337	8,1	49	5	6,3
22/01/2023	2	3,5	307	8,7	37	4	6,2
23/01/2023	4	2,4	356	8	47	9	4,2
24/01/2023	7	2,9	355	6,9	58	19	4,6
25/01/2023	5	3,7	357	10,2	53	8	6
26/01/2023	7	2,3	266	8,2	64	10	3,6
27/01/2023	6	2,6	271	6,8	66	11	3,6
28/01/2023	6	2,7	315	7,2	62	7	3,9
29/01/2023	6	2,1	357	7,1	63	7	3,3
30/01/2023	12	2,8	268	5,9	76	18	3,8
31/01/2023	11	1,9	298	7,3	86	15	2,6
01/02/2023	9	2,4	263	8	89	13	3,2
02/02/2023	9	2,8	293	8,7	90	19	3,7
03/02/2023	9	2,9	259	8,7	85	13	3,9
04/02/2023	10	2	273	9,7	70	13	2,8
05/02/2023	9	2,1	271	9,1	77	11	2,9
06/02/2023	4	3	357	7	97	5	4,9
07/02/2023	3	3,6	20	10,4	79	4	5,6
09/02/2023	5	3,6	26	9,3	91	6	5,5
10/02/2023	11	2,1	277	7,1	91	15	2,9
11/02/2023	10	2,2	299	7,7	89	12	3
12/02/2023	8	2,4	282	8,2	90	9	3,3
13/02/2023	13	2,5	269	8,5	90	16	3,5
14/02/2023	10	1,8	352	10,4	93	12	2,5
15/02/2023	12	1,7	308	10	95	13	2,3
16/02/2023	14	1,7	318	9,3	98	16	2,4
17/02/2023	13	2,1	252	9,2	92	17	2,9
18/02/2023	10	2,3	269	9,7	84	12	3,1
19/02/2023	16	1,6	303	10,2	94	18	2,3
20/02/2023	23	1,6	300	10,3	97	26	2,1
21/02/2023	17	1,6	309	10,5	95	20	2,5
22/02/2023	18	1,8	31	11,2	99	21	2,5
23/02/2023	18	1,5	345	12,2	100	21	2,1
24/02/2023	5	2,6	269	9,4	74	6	3,6
25/02/2023	5	2,5	272	10	76	6	3,5
26/02/2023	3	3,6	272	9,9	62	7	5,4
27/02/2023	4	4,2	337	6,5	39	7	7,9
28/02/2023	3	3,6	325	9,8	46	5	6,3
01/03/2023	5	2,5	336	6,7	59	7	3,7
02/03/2023	9	2,7	327	9,2	55	14	4,6
03/03/2023	10	2,5	247	9,1	66	14	3,6
04/03/2023	10	2,6	263	8,7	78	11	3,5
05/03/2023	11	2,4	291	9,7	88	13	3,3
06/03/2023	5	2,5	260	13,8	73	11	3,9
07/03/2023	8	3,9	270	16,3	67	24	5,8
08/03/2023	4	4,3	267	21	57	13	6,7
09/03/2023	5	3,9	259	20	60	14	6,3
10/03/2023	2	4,1	282	21,7	48	6	6,5
11/03/2023	3	4	266	23	51	8	6,2
12/03/2023	4	2,3	236	19,9	68	5	3,6
13/03/2023	4	2,8	83	17,8	83	8	4,5
14/03/2023	4	2,5	279	17,6	49	11	4,1
15/03/2023	5	1,9	117	13,7	74	9	2,8
16/03/2023	6	2,1	34	12,5	95	8	3
17/03/2023	4	1,9	18	12,9	97	6	2,6
18/03/2023	8	1,9	28	13,4	99	9	2,7
19/03/2023	3	2,6	236	14,7	84	5	3,8
20/03/2023	6	2,2	225	13,8	88	8	3,2
21/03/2023	9	2,5	40	13,4	97	13	3,4
22/03/2023	14	1,9	61	13,7	96	16	2,7
23/03/2023	16	2,7	50	14,7	98	19	3,6
24/03/2023	15	1,6	348	14,2	99	17	2,3
25/03/2023	6	2,5	47	15,5	95	7	3,4
26/03/2023	12	3	27	18	77	18	4,6
27/03/2023	5	3	279	16,1	56	14	4,7
28/03/2023	5	2,4	238	13,5	85	7	3,5
29/03/2023	6	2,2	249	14,5	92	9	3,3
30/03/2023	6	2,7	52	14,9	97	8	3,7
31/03/2023	6	3	296	21,6	66	14	4,8
01/04/2023	8	3,9	198	17,5	70	35	6,6
02/04/2023	1	4,3	320	18	44	4	8,1
03/04/2023	2	3,2	253	15	60	5	5,1
04/04/2023	4	2,6	125	13,1	79	10	3,5
05/04/2023	4	2,8	232	13,8	87	6	4
06/04/2023	4	2,3	217	13,7	89	6	3,5
07/04/2023	4	2,3	225	13,8	87	5	3,5
08/04/2023	13	4,9	45	14,5	93	62	6,4
09/04/2023	5	1,8	160	15,8	95	5	2,6
10/04/2023	7	2	62	15,7	97	8	2,7
11/04/2023	8	1,9	199	16,1	96	10	2,9
12/04/2023	10	3,7	42	16,6	91	15	5,2
13/04/2023	3	3,5	115	16	62	10	5,4
14/04/2023	5	2,4	352	16,9	73	14	3,9
15/04/2023	3	2,8	326	19,3	61	5	4,6
16/04/2023	2	3,7	258	16,9	55	6	5,9
17/04/2023	4	3,1	68	14,8	80	13	4,2
18/04/2023	4	2,4	129	16	89	10	3,4
19/04/2023	6	2,2	210	15,2	88	10	3
20/04/2023	4	2,6	89	16,4	86	7	3,7
21/04/2023	5	3,7	60	17,3	95	6	4,9
22/04/2023	6	3,3	73	17,4	99	6	4,5
23/04/2023	14	2,1	67	16,9	98	16	3,1
24/04/2023	6	2,6	207	19	88	10	3,8
25/04/2023	5	2,6	56	19,7	82	8	3,6
26/04/2023	6	3,7	72	19	97	8	4,9
27/04/2023	6	1,8	82	18,4	98	7	2,4
28/04/2023	4	2,2	58	19,2	98	4	3,1
29/04/2023	5	3,4	57	19,8	98	6	4,8
30/04/2023	6	2,1	173	20,5	90	7	3,1
01/05/2023	4	2,3	227	19,7	94	4	3,4
02/05/2023	4	2,1	162	18,3	85	5	3,1
03/05/2023	5	2,6	234	18,7	87	7	3,9
04/05/2023	3	2,6	84	19,2	93	4	3,4
05/05/2023	5	2,9	57	19,2	96	6	3,8
06/05/2023	5	1,7	47	19,2	93	6	2,5
07/05/2023	3	3,6	51	19,9	95	3	4,8
08/05/2023	8	2,4	233	20,3	91	10	3,5
09/05/2023	5	2,9	58	21,2	84	7	4,2
10/05/2023	3	3,2	92	20,9	65	9	5,2
11/05/2023	3	2,6	26	19,6	64	8	4
12/05/2023	2	3	242	18	63	5	4,5
13/05/2023	2	2,8	283	16,9	74	3	4,3
14/05/2023	2	3,7	236	18,2	75	3	5,4
15/05/2023	5	4,1	261	19,4	62	11	6,1
16/05/2023	3	4,9	315	20,5	53	7	8,1
17/05/2023	4	2,8	217	18,3	63	7	4,2
18/05/2023	5	3,5	166	18,4	76	13	5
19/05/2023	4	2,6	139	18,1	72	6	3,7
20/05/2023	4	2,6	227	18,4	70	5	3,8
21/05/2023	4	3	107	18,8	84	4	4
22/05/2023	4	3,9	43	19,3	87	5	5,6
23/05/2023	7	5,3	58	20,5	86	13	7,3
24/05/2023	11	2,7	71	20,2	92	13	3,7
25/05/2023	7	3,9	89	19,4	93	9	5,2
27/05/2023	10	1,7	80	19,6	95	12	2,4
28/05/2023	8	1,7	261	19,4	98	10	2,7
29/05/2023	8	1,8	115	20,6	98	11	2,7
30/05/2023	6	2,1	98	20,3	97	7	2,9
31/05/2023	9	2,4	107	21,2	93	13	3,2
01/06/2023	8	3,4	55	20,5	98	10	4,5
02/06/2023	8	2,3	185	20,7	96	10	3,3
03/06/2023	8	2,1	106	21,3	96	10	3
04/06/2023	5	1,7	295	21,5	96	6	2,6
05/06/2023	6	2,5	201	21,9	95	8	3,6
06/06/2023	4	2,1	136	22,3	94	6	3
07/06/2023	5	1,2	219	21,7	96	7	2
08/06/2023	6	1,7	166	22,4	94	8	2,5
09/06/2023	10	4,4	213	24,4	91	34	6,8
10/06/2023	5	1,8	119	24,2	96	6	2,7
11/06/2023	5	2,9	67	23,6	98	6	4
12/06/2023	4	2,3	127	23,3	94	6	3,4
13/06/2023	4	3	259	22,8	90	6	4,6
14/06/2023	4	2,9	235	23,7	87	6	4,2
15/06/2023	6	2,4	206	24,6	89	7	3,3
16/06/2023	7	2,5	111	25,1	92	9	3,5
17/06/2023	5	2,2	77	25,6	86	6	3,1
18/06/2023	6	1,7	353	23,6	85	8	2,7
19/06/2023	7	4,2	28	24,1	85	16	5,9
20/06/2023	8	2,3	102	25,1	90	11	3,3
21/06/2023	10	3,5	54	25,6	94	19	5,2
22/06/2023	5	1,9	141	25,7	89	9	2,9
23/06/2023	4	3,2	206	26,6	87	6	4,7
24/06/2023	5	2	175	26,5	86	6	3
25/06/2023	4	2,5	94	26,7	92	5	3,5
26/06/2023	5	3,2	83	27,4	92	8	4,4
27/06/2023	5	3,3	58	26,6	93	9	4,5
28/06/2023	5	2,7	75	26,8	96	7	3,6
30/06/2023	4	3,4	40	26,3	70	14	5,1
01/07/2023	4	2,5	218	24,9	82	5	3,7
02/07/2023	4	2,6	193	26,6	88	5	3,9
03/07/2023	4	2,8	95	26	94	6	4,2
04/07/2023	4	2,6	87	26,3	95	6	3,6
05/07/2023	4	3,9	46	26,5	93	9	5,1
06/07/2023	4	2,9	76	27,2	94	6	4,1
07/07/2023	4	4,1	48	26,4	95	6	5,5
08/07/2023	5	2	85	26,7	92	6	2,8
09/07/2023	5	2	93	27,2	96	6	2,8
10/07/2023	7	3	76	27,5	97	8	4,2
11/07/2023	9	2,6	145	28,4	97	11	4,2
12/07/2023	8	4,6	79	28,8	98	10	6,1
13/07/2023	5	2,7	100	28,3	93	6	3,8
14/07/2023	4	2,6	188	28,4	93	7	4
18/07/2023	10	1,8	130	28,9	96	13	2,8
19/07/2023	11	2,6	86	29,7	96	13	3,8
20/07/2023	7	4,1	74	29,5	97	8	5,5
21/07/2023	5	3,8	60	29,2	89	7	5,2
22/07/2023	3	4,8	71	28,9	88	5	6,5
23/07/2023	5	2,5	127	29,3	97	6	3,6
24/07/2023	8	3,5	63	29,2	97	9	4,9
25/07/2023	3	3,1	71	28	68	6	4,4
26/07/2023	3	2,4	144	26,8	71	6	3,6
27/07/2023	4	3,1	211	28,6	86	7	4,5
28/07/2023	3	2,5	103	28,6	93	4	3,5
29/07/2023	4	2,1	96	28,5	94	4	3
30/07/2023	3	3,2	89	28,8	94	4	4,3
31/07/2023	4	1,9	214	29,5	94	6	2,9
01/08/2023	5	2,2	115	29,8	93	6	3,2
02/08/2023	6	3,4	83	29,5	96	7	4,8
03/08/2023	3	5	73	28,8	79	7	7,1
04/08/2023	2	4,7	333	27	51	6	7,9
05/08/2023	2	3	241	25,3	61	3	4,6
06/08/2023	2	2,8	213	26,3	69	3	3,8
07/08/2023	2	4,1	136	26,4	79	4	5,6
08/08/2023	2	3,8	198	27,6	88	3	5,6
09/08/2023	3	2,4	223	27,5	92	3	3,8
10/08/2023	3	5	79	29,2	93	4	6,6
11/08/2023	3	2,2	116	28,9	92	4	3,2
12/08/2023	4	2	110	28	94	5	2,8
13/08/2023	3	2,4	175	28,1	92	4	3,4
14/08/2023	3	2,2	50	28,2	93	4	3,1
15/08/2023	3	3	44	28,1	93	3	4
16/08/2023	3	3,2	53	28,4	91	4	4,3
17/08/2023	5	3,3	56	28,3	92	6	4,4
18/08/2023	7	2,2	154	29,4	94	7	3,1
22/08/2023	5	1,9	218	29	86	6	2,7
23/08/2023	4	2,5	236	30,2	75	8	3,5
24/08/2023	4	2,5	223	30,4	72	6	3,6
25/08/2023	8	2,7	78	29	89	9	3,6
29/08/2023	2	2,3	234	25,5	62	4	3,7
30/08/2023	2	2,4	241	24,5	70	3	3,7
31/08/2023	2	2,6	192	25,2	79	4	3,8
01/09/2023	3	2,4	195	26,3	90	6	3,7
02/09/2023	2	3	347	23,2	93	3	5
03/09/2023	2	6,9	23	24,4	97	3	10,5
04/09/2023	3	6	39	26,6	93	4	9,2
05/09/2023	3	4,8	47	26,6	98	4	6,5
06/09/2023	3	3,4	25	25	96	3	4,4
07/09/2023	3	2,3	54	24,9	94	3	3,2
08/09/2023	3	1,8	159	25,1	95	3	2,7
09/09/2023	4	1,9	179	25,1	93	5	2,9
10/09/2023	4	2	52	25,1	94	4	2,8
11/09/2023	4	1,9	218	25,1	93	5	2,8
12/09/2023	5	2,4	354	24,4	96	6	3,6
13/09/2023	3	3,2	21	24,3	94	4	4,3
14/09/2023	2	3,1	47	25,2	94	3	4,2
15/09/2023	2	2,4	31	23,2	100	2	3,5
16/09/2023	2	1,7	34	24,2	97	3	2,5
17/09/2023	4	2	278	24,6	98	5	3,1
18/09/2023	2	3,4	272	25,6	74	3	4,9
19/09/2023	2	3,7	354	22,8	91	3	5,3
20/09/2023	2	2,7	272	22,7	92	3	4,1
21/09/2023	2	4,8	253	24,9	69	4	7,5
22/09/2023	2	2,9	326	22,4	63	3	4,5
23/09/2023	2	2,4	273	21,1	72	3	3,7
24/09/2023	2	2,7	237	22,2	86	3	3,9
25/09/2023	3	1,5	242	22,3	93	4	2,3
26/09/2023	3	1,7	230	22,3	93	4	2,6
27/09/2023	3	1,9	235	23,2	93	4	3
28/09/2023	3	2	307	23,5	96	4	3
29/09/2023	5	1,8	288	23,7	98	6	2,6
30/09/2023	4	1,9	256	23,7	93	5	2,8
01/10/2023	3	2,6	31	23,7	90	3	3,5
02/10/2023	4	2,6	6	23,5	98	5	3,4
03/10/2023	5	1,1	42	23,9	98	6	1,7
04/10/2023	5	1,8	235	25,2	94	8	2,7
05/10/2023	6	1,6	272	23,8	96	9	2,5
06/10/2023	8	1,3	267	23,6	98	10	2
07/10/2023	8	1,2	248	24,2	96	9	1,7
08/10/2023	7	1,3	261	23,2	95	8	1,9
09/10/2023	7	2	255	22	93	9	3
10/10/2023	5	2,1	250	21,3	92	7	3,1
11/10/2023	6	1,9	253	21,5	93	8	2,9
12/10/2023	6	1,6	251	21,2	95	7	2,5
13/10/2023	6	1,6	278	21,2	96	7	2,5
14/10/2023	5	1,4	334	22,9	90	6	2,3
15/10/2023	3	1,9	224	22,7	93	4	2,8
16/10/2023	4	1,9	337	22,6	95	5	2,9
17/10/2023	5	1,4	323	22,3	98	6	2,1
18/10/2023	3	5,2	246	25,6	71	6	8,4
19/10/2023	2	6,1	224	23,3	76	5	9,4
20/10/2023	1	4,6	260	21,3	60	3	7,5
21/10/2023	3	2,4	259	16,8	62	4	3,5
22/10/2023	1	3,2	350	17,4	80	2	4,6
23/10/2023	2	3,6	231	21,3	80	4	5,9
24/10/2023	2	4,3	248	21,4	59	4	7,1
25/10/2023	2	4,5	247	22,7	62	4	7
26/10/2023	1	4,5	248	24,1	65	5	7,2
27/10/2023	3	3,7	258	20,3	59	6	5,5
28/10/2023	2	3,9	261	21,4	61	5	6,2
29/10/2023	2	3,4	236	18,5	81	3	5,4
30/10/2023	2	3,7	273	19,4	70	7	5,9
31/10/2023	3	1,6	273	16,5	65	6	2,6
01/11/2023	2	4,7	249	19,2	64	5	7,2
02/11/2023		8,5	265	22	57		13,8
03/11/2023		5,4	275	17,8	49		9,2
04/11/2023		6,4	250	19,8	63		10,5
05/11/2023		4,5	264	18,6	49		7,2
06/11/2023		2,8	310	14,8	69		3,9
07/11/2023		2,8	302	13,3	70		3,9
08/11/2023		2	259	12	77		2,8
09/11/2023		2,1	343	14,6	83		3,2
10/11/2023	6	1,9	262	16,2	82	16	2,8
11/11/2023	4	3,7	240	18,5	79	7	5,6
12/11/2023	4	2,7	253	20,1	75	8	4,2
13/11/2023	9	1,8	326	17,8	81	33	2,7
14/11/2023	11	1,6	317	16,7	87	25	2,5
15/11/2023	8	1,6	289	17,4	85	20	2,5
16/11/2023	13	1,5	244	15,9	94	21	2,3
17/11/2023	9	1,5	349	16,5	95	14	2,2
18/11/2023	16	1,5	256	15,2	96	20	2,1
19/11/2023	14	0,6	24		100	16	0,9
20/11/2023	19	1,2	241		100	23	2
21/11/2023	5	2,7	300	16,8	67	14	5,4
22/11/2023	2	4	318	17,1	48	9	7
23/11/2023	7	2,5	259	12,2	60	18	3,5
24/11/2023	13	2,1	259	12,1	65	33	3
25/11/2023	11	1,9	349	13,3	82	16	2,8
26/11/2023	14	1,7	318	14,3	99	17	2,4
27/11/2023	17	1,6	284	15,1	97	25	2,4
28/11/2023	10	1,8	276	19,8	81	23	2,8
29/11/2023	8	2,3	285	19,2	92	12	3,7
30/11/2023	4	6,2	218	23,4	81	15	9,3
01/12/2023	5	5,7	247		64	26	9
02/12/2023	6	2,7	280		61	12	4,2
03/12/2023	11	2,3	276		75	14	3,3
04/12/2023	12	1,9	313		86	17	3,1
05/12/2023	10	2,3	269		77	17	3,4
06/12/2023	17	1,7	283		91	20	2,5
07/12/2023	19	1,7	281		97	25	2,6
08/12/2023	6	3	297		74	8	5,3
09/12/2023	10	2,1	285		76	14	3,1
10/12/2023	13	1,3	255		91	18	2,2
11/12/2023	16	0,8	336		98	23	1,4
12/12/2023	14	1,5	337		96	19	2,5
13/12/2023	7	2,4	288		75	12	3,8
14/12/2023	3	4,1	316		51	10	7,7
15/12/2023	15	2,4	279		73	28	3,8
16/12/2023	11	2,1	308		83	14	2,7
17/12/2023	14	2	316		94	16	2,6
18/12/2023	13	2	274		95	17	2,6
19/12/2023	18	1,7	299		86	29	2,5
20/12/2023	11	4,3	331		72	28	8
21/12/2023	6	2,9	271		67	13	5,1
22/12/2023	5	3,1	291		64	14	5,1
23/12/2023	8	2,3	263		75	11	3,3
24/12/2023	13	1,8	260		93	15	2,4
25/12/2023	11	1,7	265		98	13	2,3
26/12/2023	14	1,7	294		94	18	2,3
27/12/2023	17	2	279		90	23	2,8
28/12/2023	24	1,6	299		99	28	2,3
29/12/2023	27	1,4	317		100	31	2,2
30/12/2023	23	1,4	330		96	26	2,1
31/12/2023	16	2,7	272		82	21	4,1
