Red: Red de Vigilancia y Control de la Contaminación AtmosféricaEstación: 12040008-Castelló - Penyeta
	
FECHA	PM2.5	PM1	Veloc.	Direc.	Temp.	H.Rel.	Pres.	R.Sol.	Precip.	NO	NO2	PM10	NOx	O3
	µg/m³	µg/m³	m/s	grados	°C	% H.R.	mb	W/m²	l/m²	µg/m³	µg/m³	µg/m³	µg/m³	µg/m³
01/01/2023	6	5	0,5	21	16,1	89	1008	90	0	2	3	6	7	48
02/01/2023	8	6	0,6	3	16,2	94	1007	59	0	3	6	10	10	46
03/01/2023	6	5	0,8	325	17	86	1013	91	0	3	5	7	9	47
04/01/2023	6	5	0,6	358	15,6	88	1015	109	0	3	7	7	12	44
05/01/2023	7	7	0,5	355	15,1	83	1011	114	0	3	7	8	11	46
06/01/2023	10	9	0,6	20	14,8	91	1007	112	0,2	2	5	10	9	47
07/01/2023	11	11	0,6	16	14,2	92	1004	111	0,4	2	6	12	10	47
08/01/2023	2	2	1,1	268	19,7	73	997	58	0	2	4	2	7	49
09/01/2023	1	1	1	311	18,9	58	1004	115	0	2	4	2	7	55
10/01/2023	2	1	0,9	16	15,7	65	1010	119	0	3	6	3	10	55
11/01/2023	4	3	0,8	358	17,2	65	1008	107	0	5	11	5	18	46
12/01/2023	3	2	0,9	313	15,6	59	1010	117	0	3	7	4	12	53
13/01/2023	4	3	0,5	337	15,7	65	1008	91	0	3	10	6	14	45
14/01/2023	4	4	0,5	349	15,8	63	1007	123	0	4	10	5	15	48
15/01/2023	3	3	1	336	15,6	64	1001	98	0	3	6	4	11	51
16/01/2023	1	1	2	261	16,2	53	991	67	0	3	4	3	8	59
17/01/2023	1	1	1,9	246	17,5	50	981	119	0	3	3	2	7	65
18/01/2023	1	1	1,6	309	13	38	987	131	0	3	3	2	7	64
19/01/2023	1	1	1,8	247	13,4	47	996	129	0,2	3	5	2	9	57
20/01/2023	1	1	1,3	343	15,8	45	998	134	0	3	5	2	9	59
21/01/2023	1	1	1,6	359	11,6	39	1000	135	0,2	2	3	1	7	60
22/01/2023	1	1	1,6	281	10,8	37	1002	138	0	3	3	2	7	61
23/01/2023	1	1	2	344	10,6	46	1002	120	0	3	3	2	6	58
24/01/2023	3	2	2,6	354	9,9	55	1005	105	0	3	3	3	7	53
25/01/2023	2	2	2,7	342	12,4	51	1005	81	0	3	3	2	7	56
26/01/2023	2	2	1,1	269	11,9	58	997	134	0	3	8	3	12	52
27/01/2023	1	1	1,2	340	11,5	50	995	139	0	3	6	2	11	58
28/01/2023	1	1	1,8	358	11,1	54	1000	138	0	3	3	1	7	61
29/01/2023	2	2	2,1	352	10,2	57	1005	45	0,1	3	3	2	6	55
30/01/2023	3	3	1,9	329	11	60	1009	147	0	3	7	4	11	55
31/01/2023	4	3	1	12	12,7	69	1009	143	0	3	6	4	11	58
01/02/2023	3	2	1,3	345	13,5	70	1010	143	0,1	3	6	4	10	60
02/02/2023	3	3	1	322	14,1	67	1011	131	0	4	8	4	13	56
03/02/2023	4	3	0,7	313	14,8	58	1013	156	0	3	7	5	12	59
04/02/2023	3	2	0,6	16	16,1	43	1011	161	0,2	3	9	4	14	58
05/02/2023	3	3	0,9	356	15,2	60	1013	159	0,3	3	6	4	10	58
06/02/2023	2	2	1,6	3	11,4	81	1007	19	9,5	3	6	3	10	55
07/02/2023	2	2	1,9	22	12,9	66	1004	71	0	3	5	3	9	57
08/02/2023	2	1	2,8	5	12,2	92	1007	30	24,4	3	4	2	8	60
09/02/2023	3	2	2,2	21	12,1	81	1014	113	2,8	3	5	3	9	62
10/02/2023	3	3	1,3	339	12,1	72	1018	166	0	3	6	4	10	61
11/02/2023	3	3	1,2	9	12,2	71	1016	121	0	3	4	3	9	68
12/02/2023	3	3	1,3	338	13	71	1016	169	0	3	4	4	8	68
13/02/2023	6	6	0,9	298	13,2	76	1017	169	0	3	6	7	10	67
14/02/2023	4	4	0,9	11	13,8	80	1015	85	0	3	5	4	8	68
15/02/2023	4	4	1	351	14	85	1012	126	0	3	7	4	11	65
16/02/2023	9	9	0,5	24	13,7	89	1013	97	0	3	10	10	15	54
17/02/2023	7	6	0,7	31	14,4	69	1015	184	0	4	12	8	17	54
18/02/2023	4	4	0,7	296	15	54	1013	173	0	3	9	5	14	64
19/02/2023	12	11	0,6	26	15,1	68	1010	171	0	3	13	13	18	57
20/02/2023	12	11	0,5	27	15,8	66	1008	168	0	4	13	14	19	57
21/02/2023	11	11	0,6	358	15,1	78	1003	92	0	3	17	13	23	50
22/02/2023	13	12	0,7	35	15,5	83	1000	160	0	3	13	16	18	50
23/02/2023	14	12	0,5	26	15,2	94	993	53	0	2	8	17	12	61
24/02/2023	2	1	1,1	356	12,7	59	991	168	0	3	6	2	11	57
25/02/2023	2	1	1	359	13,5	57	987	183	0	3	5	2	9	60
26/02/2023	1	1	1,5	310	12,9	51	986	124	0	2	3	2	7	64
27/02/2023	2	1	2,7	327	8,5	38	992	164	0	3	2	3	6	64
28/02/2023	2	1	2,1	340	12,2	42	998	194	0	2	2	2	6	63
01/03/2023	2	2	1,5	357	9,8	52	997	207	0	3	5	3	9	64
02/03/2023	5	5	1,7	349	11,5	51	998	197	0	3	6	6	10	66
03/03/2023	4	3	1,4	322	13	55	1001	209	0	3	9	5	14	65
04/03/2023	4	4	1,5	312	13,1	63	1003	210	0	3	7	5	12	68
05/03/2023	7	6	0,8	32	14	68	998	200	0	4	12	8	17	65
06/03/2023	2	1	1	321	17,1	56	994	137	0	3	8	2	13	64
07/03/2023	1	1	1,3	251	20	54	992	212	0	3	8	2	13	62
08/03/2023	2	1	1,4	246	22,4	52	995	168	0	4	11	4	17	51
09/03/2023	2	1	1,3	248	21,8	55	997	113	0	4	11	5	18	50
10/03/2023	1	1	1,3	280	22,8	46	1000	231	0	3	5	3	10	63
11/03/2023	2	1	1,1	315	25,1	45	1001	221	0	3	6	3	10	56
12/03/2023	1	1	1,1	12	23,7	56	1004	239	0	3	6	2	11	47
13/03/2023	3	3	1	62	21,3	66	998	207	0	4	10	8	16	51
14/03/2023	1	1	1,3	312	19,9	41	1002	247	0	3	6	3	10	69
15/03/2023	2	1	1	21	17,3	56	1003	222	0	3	8	3	13	65
16/03/2023	4	3	1	48	16,5	84	1000	244	0	3	8	5	13	67
17/03/2023	3	2	1,3	24	16,3	87	999	172	0	2	5	3	9	66
18/03/2023	8	7	1	42	16,8	89	998	197	0	2	9	9	13	57
19/03/2023	1	1	1,3	56	17,7	67	1004	251	0	2	4	1	8	61
20/03/2023	3	2	0,8	43	17,5	71	1004	247	0	3	8	4	14	57
21/03/2023	6	5	1,1	68	16,9	88	1002	223	0	2	6	7	10	65
22/03/2023	9	8	0,9	51	17,1	88	1000	246	0	3	9	10	13	67
23/03/2023	12	11	0,9	55	17,8	89	999	256	0	3	10	13	14	68
24/03/2023	12	11	0,7	40	19	82	1000	109	0	3	15	17	20	58
25/03/2023	4	4	1,3	63	19,4	76	1005	262	0	2	6	5	9	67
26/03/2023	11	10	1,3	36	22	57	1000	270	0	2	6	13	10	59
27/03/2023	2	2	1,4	293	18,3	45	1006	277	0	2	5	5	9	71
28/03/2023	3	2	1,1	226	17,4	72	1009	263	0	3	7	4	11	66
29/03/2023	4	3	1	281	17,8	80	1008	279	0	3	8	5	12	65
30/03/2023	6	5	1	48	18,5	86	1004	212	0	3	9	8	14	64
31/03/2023	4	3	1,1	286	24,2	51	1001	121	0	3	9	8	13	60
01/04/2023	4	3	2,3	315	19,5	55	1002	219	0	2	5	9	9	69
02/04/2023	1	1	2,7	307	19,4	40	1002	289	0	2	2	1	5	70
03/04/2023	1	1	2,2	343	17,1	54	1000	297	0	2	5	1	9	68
04/04/2023	1	1	1,2	54	16,5	62	998	299	0	3	6	2	9	67
05/04/2023	3	2	1,5	256	16,9	76	1002	299	0	3	8	3	13	68
06/04/2023	2	2	1,3	44	17	80	1003	292	0	3	6	3	11	69
07/04/2023	2	2	1,1	259	17,5	70	1001	304	0	3	5	3	10	73
08/04/2023	2	2	1,8	89	18,2	82	1001	298	0	3	5	4	9	75
09/04/2023	5	5	0,9	87	17,9	90	1004	187	0	3	8	6	12	70
10/04/2023	7	6	1	75	18,4	91	1006	244	0	3	6	8	10	69
11/04/2023	8	8	0,8	90	18,9	88	1005	271	0	3	9	9	14	66
12/04/2023	7	6	1,3	50	20,4	75	995	289	0	3	10	9	15	63
13/04/2023	1	1	1,8	122	17,8	54	1000	335	0	3	6	2	11	73
14/04/2023	1	1	1,3	349	19,8	54	998	236	0	3	8	3	12	68
15/04/2023	2	1	1,8	359	21,8	47	1001	218	0	3	5	2	9	73
16/04/2023	1	1	1,9	324	18,7	43	1003	336	0	3	4	1	8	80
17/04/2023	2	1	1,5	61	18,1	66	1000	326	0	3	6	3	11	77
18/04/2023	3	2	1,3	66	18,3	81	999	272	0	3	6	3	10	76
19/04/2023	2	2	1,2	60	18,3	71	999	323	0	3	7	3	12	76
20/04/2023	3	2	1,2	77	19,3	69	993	321	0	3	8	5	13	80
21/04/2023	3	3	1,7	63	20,1	80	993	317	0	3	7	5	11	81
22/04/2023	5	4	1,4	47	19,3	91	996	189	0	3	5	6	9	76
23/04/2023	8	7	0,9	57	19,9	84	998	307	0	3	8	8	13	62
24/04/2023	3	2	1,4	78	21,4	69	1001	323	0	4	12	4	18	60
25/04/2023	2	1	1,2	56	23,1	61	999	321	0	4	9	4	14	68
26/04/2023	5	4	1,4	79	20,8	86	1001	331	0	3	6	5	11	67
27/04/2023	6	5	1	75	20,7	89	1002	268	0	3	9	6	14	60
28/04/2023	2	2	1	73	21,6	88	1002	279	0	3	5	3	9	66
29/04/2023	5	4	1,4	81	22	89	999	200	0	3	10	5	15	60
30/04/2023	2	2	1,3	80	22,8	73	1001	278	0	3	6	3	11	62
01/05/2023	2	2	1,2	127	22,2	82	1002	352	0	3	5	3	9	67
02/05/2023	2	1	1,3	64	21,2	64	1003	335	0	4	9	3	14	66
03/05/2023	2	2	1,3	235	21,5	72	1003	305	0	3	7	3	11	70
04/05/2023	2	1	1,3	63	21,7	83	1004	303	0	3	5	3	10	80
05/05/2023	4	3	1,6	63	21,6	89	1003	324	0	3	6	4	11	80
06/05/2023	3	3	1,1	65	21,9	79	1000	305	0	3	4	3	9	79
07/05/2023	2	2	1,3	69	22	85	1004	165	0	3	4	2	9	78
08/05/2023	3	3	1,2	249	22,9	73	1006	300	0	3	6	4	10	74
09/05/2023	3	3	1,4	70	23,8	68	1003	280	0	3	8	5	13	77
10/05/2023	1	1	2,2	308	22,3	56	1003	346	0	3	5	3	9	77
11/05/2023	1	1	1,9	58	20,9	57	1002	269	0	3	5	2	9	79
12/05/2023	1	1	1,6	77	19,5	57	1000	311	0	3	6	1	10	71
13/05/2023	1	1	1,9	340	19	64	1002	193	0	3	4	1	9	73
14/05/2023	1	1	1,4	206	20,8	58	1001	361	0	3	6	1	11	76
15/05/2023	2	2	1,8	283	21,7	49	999	291	0	3	5	3	10	89
16/05/2023	1	1	2,5	330	21,7	46	998	327	0	3	4	2	8	83
17/05/2023	2	1	2,1	31	20,7	52	1000	371	0,8	3	4	3	9	82
18/05/2023	2	2	1,8	330	20,3	67	1002	276	0	3	5	4	10	79
19/05/2023	2	2	1,4	87	19,8	64	1001	257	0	3	6	3	11	80
20/05/2023	2	2	1,5	79	20,4	61	998	335	0	3	6	3	10	82
21/05/2023	3	2	1,5	94	21,1	75	997	343	0	3	4	3	8	90
22/05/2023	4	3	1,2	35	20,6	83	998	96	1,2	3	5	5	9	77
23/05/2023	5	4	2,2	61	22	76	999	200	0	3	4	7	9	88
24/05/2023	7	6	1,6	67	22,1	81	1000	277	3,4	3	8	7	12	77
25/05/2023	4	3	1,8	35	21,3	80	1001	129	76	3	6	4	10	80
26/05/2023	4	4	1,3	9	19,6	93	1004	76	136,9	3	5	5	9	72
27/05/2023	6	5	1	48	22,2	77	1002	273	0,4	3	6	9	10	67
28/05/2023	6	4	0,7	298	21,4	84	999	112	4,8	3	15	8	20	70
29/05/2023	6	5	1	63	22,3	87	998	279	0	3	8	7	13	76
30/05/2023	5	3	1,2	36	22,4	86	1001	249	0,4	3	7	6	12	76
31/05/2023	6	4	1,1	87	23,8	73	1000	324	0	3	10	8	15	83
01/06/2023	7	6	1,8	49	22,6	90	1000	268	0	3	6	8	10	92
02/06/2023	5	5	1,5	75	22,9	86	999	345	0	3	6	6	11	84
03/06/2023	7	6	1,3	84	22,9	88	999	270	0	3	5	7	9	79
04/06/2023	4	3	0,9	27	22,9	90	1000	198	3	3	5	4	9	73
05/06/2023	4	3	1	183	23,6	85	1001	311	0	3	6	4	10	77
06/06/2023	3	2	1,3	104	23,8	84	1001	339	0	3	6	3	10	75
07/06/2023	3	3	0,7	343	23,3	89	1000	101	0,4	3	5	4	10	61
08/06/2023	5	4	1	78	23,8	87	997	230	0	3	6	6	11	61
09/06/2023	4	3	1,3	221	26,4	75	995	367	0	3	5	6	9	63
10/06/2023	4	2	1	67	26,3	73	998	294	0	3	4	5	8	68
11/06/2023	4	3	1,3	52	25,1	89	999	277	5,2	3	3	4	7	66
12/06/2023	3	2	1,1	89	24,9	82	997	311	3,4	3	4	4	8	65
13/06/2023	2	2	1,5	308	24,6	75	994	237	3	3	3	3	8	
14/06/2023	1	1	1,1	253	25,9	68	998	374	0	3	4	2	8	
15/06/2023	4	3	1,4	75	26,9	67	1002	368	0	3	3	5	8	
16/06/2023	4	4	1,3	96	26,9	69	1002	364	0	3	4	6	9	80
17/06/2023	4	3	1,2	93	27	70	1000	369	0	3	3	5	8	95
18/06/2023	4	4	0,7	17	25,5	69	999	144	2,8	3	4	5	9	87
19/06/2023	4	3	2	49	26,9	64	996	275	0	3	3	6	8	97
20/06/2023	7	6	1,5	67	26,8	80	997	286	0	3	4	10	9	83
21/06/2023	7	6	1,4	42	26,7	84	998	273	3,8	3	3	10	8	70
22/06/2023	2	2	1,1	53	27,3	70	1003	373	0,4	3	3	3	8	84
23/06/2023	2	1	1,3	175	28,2	67	1007	367	0	3	3	3	7	87
24/06/2023	3	2	1,1	82	27,7	73	1004	373	0	3	3	4	7	84
25/06/2023	3	2	1	86	28,5	79	1002	350	0	3	2	5	7	90
26/06/2023	3	2	1,3	71	28,5	81	1003	305	0	3	3	5	7	88
27/06/2023	3	3	1,5	61	27,8	83	1002	336	0	3	2	5	6	91
28/06/2023	4	3	1,3	58	27,6	86	1000	273	0	3	3	5	7	90
29/06/2023	4	4	1,9	69	27,6	83	1000	322	2,2	5	6	5	15	85
30/06/2023	2	2	2	16	26,9	62	1002	344	0	6	7	3	17	76
01/07/2023	3	2	1,2	137	26,1	74	1002	350	0	6	8	4	17	75
02/07/2023	3	2	1,3	98	28,1	75	1001	363	0	6	7	3	17	72
03/07/2023	4	3	1,1	46	26,9	87	1002	158	1,4	6	8	5	18	66
04/07/2023	3	3	1,3	87	27,3	89	1001	207	0	6	8	4	18	65
05/07/2023	3	2	1,7	63	27,5	86	1002	291	0	3	4	3	8	66
06/07/2023	3	2	1,5	54	27,5	89	1000	186	0,4	1	3	4	5	66
07/07/2023	3	3	1,5	56	27,7	83	1000	222	0	1	4	4	6	67
08/07/2023	5	3	1,4	69	28	83	1002	360	0	1	3	6	5	79
09/07/2023	5	4	1,1	79	28,5	85	1004	339	0	1	3	7	5	81
10/07/2023	7	5	1,4	103	28,7	89	1005	332	0	1	2	10	4	79
11/07/2023	11	8	1	97	29,3	88	1000	305	12,4	1	3	15	5	69
12/07/2023	10	7	1,5	94	29,1	90	999	315	0	1	3	13	6	63
13/07/2023	6	4	1,5	70	28,5	87	1003	315	0	1	2	8	4	62
14/07/2023	5	3	1,4	158	29	86	1001	355	0	1	3	7	5	69
15/07/2023	7	5	1,3	67	29,1	89	997	293	0	1	2	9	4	82
16/07/2023	6	4	1,8	79	29	88	1000	225	0	1	2	8	4	73
17/07/2023	7	5	1,5	83	29	90	1003	285	0	1	2	8	4	67
18/07/2023	10	8	1	142	29,6	89	1002	322	0	1	3	13	5	70
19/07/2023	10	7	1,3	79	30,4	86	1000	320	0	1	3	12	5	
20/07/2023	8	6	1,6	81	29,8	91	998	296	0	1	2	10	4	46
21/07/2023	5	3	1,9	56	29,6	80	998	349	0	1	2	8	4	48
22/07/2023	4	2	2,3	75	29,2	81	1002	329	0	1	3	5	4	53
23/07/2023	7	4	1,1	80	29,5	91	1000	214	0	1	2	9	4	48
24/07/2023	8	5	1,3	65	29,6	89	994	189	0	1	3	11	5	46
25/07/2023	2	1	1,8	78	28,4	60	999	338	0	1	2	4	4	
26/07/2023	2	1	1,7	114	27,7	64	1003	330	0	1	3	4	5	61
27/07/2023	3	2	1,3	191	29,2	81	1000	259	0,4	1	2	6	4	68
28/07/2023	3	2	1,4	79	29,1	88	1000	272	0	1	2	6	4	66
29/07/2023	4	2	1,2	79	29,2	88	999	297	0	1	2	6	4	65
30/07/2023	4	2	1,8	49	29,4	89	1003	296	0	1	2	5	4	63
31/07/2023	5	4	1,1	77	29,6	89	1002	183	0	1	3	7	5	57
01/08/2023	5	4	1,3	65	30,3	81	998	331	0	1	3	7	5	61
02/08/2023	6	4	1,4	80	30,2	88	995	326	0	1	3	9	5	75
03/08/2023	3	2	1,9	54	28,5	75	997	165	0	1	3	6	4	57
04/08/2023	1	1	2,2	333	27,3	47	1002	358	0	1	2	4	4	62
05/08/2023	1	1	1,4	243	26,5	54	1003	354	0	1	3	2	4	73
06/08/2023	1	1	1,6	70	28,2	58	1003	343	0	1	3	3	4	61
07/08/2023	3	1	2	122	27,3	72	1005	236	0	1	3	5	4	71
08/08/2023	3	2	1	204	27,7	87	1004	82	0	1	3	7	4	67
09/08/2023	3	2	1,2	217	28,5	85	1004	282	0	1	3	5	5	66
10/08/2023	4	2	1,4	116	30,4	85	1003	305	0	1	5	8	6	69
11/08/2023	4	3	1,2	70	29,4	82	1007	327	0	1	5	6	5	67
12/08/2023	4	3	1,3	78	28,9	86	1005	320	0	1	5	5	5	72
13/08/2023	4	3	1,3	98	29	86	1003	294	0	1	4	4	5	81
14/08/2023	2	2	1,5	81	28,8	86	1001	304	0	1	4	3	5	66
15/08/2023	2	2	2	55	29,2	86	1001	312	0	1	4	3	5	77
16/08/2023	3	2	1,9	36	29,2	82	1000	259	0	1	4	4	6	78
17/08/2023	5	4	2	36	29,1	87	999	267	0	2	5	5	8	72
18/08/2023	6	6	1,1	110	29,3	89	999	261	0	2	5	7	8	67
19/08/2023	7	6	1,3	60	29,4	88	1002	295	0	2	5	7	8	59
20/08/2023	5	5	1,1	69	29,8	87	1005	310	0	2	5	5	8	60
21/08/2023	4	4	1	49	31	72	1005	320	0			6		62
22/08/2023	4	3	1	64	31,5	66	1003	316	0			6		71
23/08/2023	4	3	0,9	58	32,7	55	1001	315	0			7		70
24/08/2023	4	3	1	118	32	55	999	313	0			6		81
25/08/2023	6	5	1,3	61	30,3	80	998	296	0			6		86
26/08/2023	6	4	1,7	18	28,4	87	997	207	23,9			7		67
27/08/2023	2	1	2,1	306	25,8	58	996	257	4	3	3	2	7	55
28/08/2023	1	1	1,4	243	26,7	51	1000	327	0	3	4	1	8	61
29/08/2023	1	1	1,5	245	26,5	56	998	320	0	3	3	2	8	61
30/08/2023	1	1	1,4	356	26,1	61	998	284	0	3	3	1	7	63
31/08/2023	1	1	1,4	79	26,9	68	1002	304	0	3	3	2	7	70
01/09/2023	2	1	1,5	337	27,5	83	1002	245	0	2	2	2	6	72
02/09/2023	1	1	1,9	350	24,5	87	1000	80	16,9	2	3	2	6	64
03/09/2023	3	2	3,2	30	25,6	91	1001	84	25,6	2	3	4	6	71
04/09/2023	5	3	2,5	20	27,3	86	1000	74	0	2	3	8	6	73
05/09/2023	5	3	1,8	46	28	88	1002	253	0	2	2	7	5	70
06/09/2023	3	3	1,9	42	26,9	87	1004	282	0	2	4	4	7	71
07/09/2023	3	3	1,2	49	26,2	88	1004	221	0	2	4	4	6	73
08/09/2023	4	3	0,7	30	26	91	1003	93	0	1	2	5	4	69
09/09/2023	3	2	1,2	39	26,4	87	1003	240	0	1	3	4	4	65
10/09/2023	3	3	1,2	48	26,5	87	1003	245	0	1	2	4	4	66
11/09/2023	4	4	1,1	29	26,4	87	1000	196	0	2	3	5	5	66
12/09/2023	5	5	1,2	2	25,9	89	1000	180	12,6	1	5	6	7	58
13/09/2023	3	2	1,9	33	26,4	79	1003	256	0	1	3	3	4	65
14/09/2023	3	2	1,8	32	26,5	88	1003	213	0	1	4	3	6	63
15/09/2023	2	2	1	350	24,7	94	999	72	9,6	1	7	3	9	53
16/09/2023	3	2	0,9	39	25,5	90	998	186	0,4	1	3	4	5	62
17/09/2023	7	4	1	359	26,5	89	998	172	0,8	1	4	10	6	58
18/09/2023	2	1	1,1	294	27,1	57	1001	205	0,4	1	4	3	6	60
19/09/2023	2	1	1,3	30	25,4	73	1003	113	29,1	3	6	3	10	58
20/09/2023	2	1	1,2	348	24,9	80	997	244	0	2	5	3	7	64
21/09/2023	2	1	1,4	251	27	54	992	222	0	2	6	3	9	59
22/09/2023	1	1	1,7	326	24,1	54	997	262	0	1	3	1	4	64
23/09/2023	1	1	1,4	242	23,3	62	1005	262	0	2	4	1	6	62
24/09/2023	1	1	1,2	270	24,8	76	1007	256	0	1	3	1	4	70
25/09/2023	1	1	0,9	44	24,7	84	1006	232	0	2	4	2	6	66
26/09/2023	1	1	1,1	24	24,6	86	1006	237	0	2	3	2	6	68
27/09/2023	2	2	0,9	253	25,1	86	1005	234	0	2	4	3	6	68
28/09/2023	2	1	1,1	10	25,5	88	1005	233	0	1	4	3	6	69
29/09/2023	4	3	1	31	25,5	90	1008	233	0	1	4	4	6	68
30/09/2023	3	3	0,6	1	26,7	73	1009	234	0	2	5	4	7	65
01/10/2023	3	2	1	41	26,4	74	1008	230	0	1	5	4	6	74
02/10/2023	4	3	1,4	21	26	90	1008	193	0	1	5	5	7	74
03/10/2023	5	4	0,8	66	25,8	90	1009	176	0	1	3	6	5	65
04/10/2023	5	4	0,9	270	26,4	87	1011	198	0	1	7	6	9	60
05/10/2023	6	5	1	14	25,8	89	1010	195	0	1	5	8	7	72
06/10/2023	7	6	1	205	25,7	89	1010	210	0	2	7	8	9	65
07/10/2023	7	7	0,9	285	25,8	89	1010	213	0	1	5	9	7	64
08/10/2023	7	6	1	17	25,3	87	1010	205	0	1	4	8	6	64
09/10/2023	5	4	0,9	282	24,6	84	1010	208	0	1	3	7	4	65
10/10/2023	4	3	0,9	275	24,4	81	1008	206	0	2	4	5	6	69
11/10/2023	4	4	0,9	335	24,3	83	1007	205	0	2	4	5	7	69
12/10/2023	5	4	0,8	354	24,1	86	1007	201	0	1	3	6	5	69
13/10/2023	6	5	0,8	17	24,2	86	1005	180	0	2	4	7	7	71
14/10/2023	6	4	1	8	25,1	80	1004	115	1,8	1	4	8	6	64
15/10/2023	4	3	1,2	50	24,8	80	1002	162	0,4	1	3	5	5	60
16/10/2023	5	4	1	14	24,3	88	997	135	0,4	2	4	6	7	65
17/10/2023	5	4	1	13	24,7	91	995	128	2	1	7	6	9	67
18/10/2023	2	2	1,2	265	26,4	65	991	163	0	2	5	4	8	52
19/10/2023	2	1	1,5	238	24,1	71	982	81	0,4	1	5	4	7	60
20/10/2023	1	1	1,4	254	22,1	57	981	114	0	2	6	2	8	59
21/10/2023	1	1	1,3	317	19,7	49	992	124	0	1	4	1	6	64
22/10/2023	1	1	1,7	25	21	66	994	96	0	1	3	1	4	69
23/10/2023	2	2	1	275	23,1	74	992	135	0	2	9	5	12	57
24/10/2023	1	1	1,6	250	22,7	53	996	180	0	1	5	2	7	58
25/10/2023	2	1	1,4	246	24,2	54	996	156	0	2	7	2	9	55
26/10/2023	1	1	1,4	251	25,2	60	991	52	0	2	9	3	12	41
27/10/2023	1	1	1,1	270	21,9	53	994	119	0	1	5	2	7	58
28/10/2023	1	1	1,3	256	22,7	56	995	167	0	2	6	2	9	56
29/10/2023	2	2	0,7	305	21,1	68	992	99	0	2	8	3	10	57
30/10/2023	1	1	1,3	266	21,6	59	991	133	0	1	6	2	8	58
31/10/2023	2	2	0,8	355	19,2	49	1000	90	0	2	8	3	11	55
01/11/2023	1	1	1,6	250	21,8	54	997	115	0	1	3	2	6	56
02/11/2023	2	1	3,1	245	22,7	55	986	132	0	1	2	6	4	63
03/11/2023	1	1	2,3	260	19,1	48	988	154	0	1	4	2	6	59
04/11/2023	1	1	2,2	245	21,3	60	985	104	0	1	5	2	7	58
05/11/2023	1	1	1,6	251	20,3	45	992	157	0	1	4	2	6	62
06/11/2023	1	1	1,3	9	18,4	54	1000	154	0	2	3	2	5	62
07/11/2023	1	1	1,4	351	17,1	53	1006	153	0	2	5	2	8	60
08/11/2023	2	1	0,6	345	16,1	59	1006	100	0	2	8	4	12	55
09/11/2023	2	2	1	31	18,4	66	1000	145	0	3	11	4	15	51
10/11/2023	2	1	0,9	353	20,1	56	1000	138	0	2	8	3	11	57
11/11/2023	2	1	1	280	20,7	66	998	114	0	2	12	3	15	47
12/11/2023	1	1	0,8	274	23,8	57	1002	111	0	1	6	2	8	52
13/11/2023	2	1	0,7	356	23	61	1007	102	0	2	8	4	11	55
14/11/2023	2	1	0,6	19	22,5	61	1006	134	0	3	10	5	15	48
15/11/2023	2	1	0,8	340	22,1	66	1008	137	0	2	6	4	9	51
16/11/2023	4	3	0,6	20	20,6	78	1006	122	0	5	16	7	23	39
17/11/2023	2	2	0,8	30	21	76	1008	130	0	2	7	3	10	49
18/11/2023	3	3	0,6	332	19,3	84	1010	125	0	2	5	4	8	53
19/11/2023	10	9	0,5	31	16,8	91	1006	130	0	2	7	23	10	43
20/11/2023	10	8	0,5	13	16,6	89	1002	80	0	4	9	34	14	53
21/11/2023	1	1	2,6	317	19,4	52	1000	127	0	1	2	3	4	59
22/11/2023	1	1	3,9	325	18,8	44	1001	126	0	1	1	2	3	64
23/11/2023	2	1	1,4	340	16,8	43	1005	128	0	2	6	4	9	57
24/11/2023	2	2	0,7	341	18,1	42	998	127	0	3	12	5	16	55
25/11/2023	3	2	0,9	25	18	66	998	120	0	1	4	5	6	56
26/11/2023	5	3	0,6	339	16,2	87	1000	110	0	2	6	6	8	50
27/11/2023	6	4	0,6	359	17	75	996	106	0	4	16	11	22	40
28/11/2023	1	1	0,5	304	20,3	59	993	43	0	2	6	2	9	51
29/11/2023	2	1	0,8	348	19,7	71	991	109	0	2	11	4	14	44
30/11/2023	2	1	1	278	21,4	71	987	41	0	1	9	4	12	47
01/12/2023	1	1	1,9	258	19,9	57	984	52	0	1	4	2	6	59
02/12/2023	1	1	1,1	298	16,1	50	997	118	0	1	3	1	5	59
03/12/2023	1	1	1	322	14,4	59	1003	121	0	1	2	1	3	58
04/12/2023	3	2	0,7	339	15,1	67	998	58	0	3	10	4	15	47
05/12/2023	1	1	1,2	314	15,6	57	1000	108	0	1	4	2	5	60
06/12/2023	2	1	0,7	337	14,9	76	1000	98	0	1	4	2	5	59
07/12/2023	6	5	0,8	359	15,7	87	1001	101	0	2	9	7	12	50
08/12/2023	1	1	1,3	292	17,9	61	999	84	0	1	2	1	4	57
09/12/2023	2	1	0,8	330	18,3	55	1004	94	0	2	4	2	6	57
10/12/2023	1	1	0,7	348	20,7	70	1006	92	0	1	6	2	8	49
11/12/2023	2	2	0,5	354	19,1	80	1003	106	0	3	12	3	16	38
12/12/2023	3	2	0,4	346	20	67	999	31	0	6	17	5	26	36
13/12/2023	1	1	0,6	308	18	55	996	22	0	1	3	1	4	54
14/12/2023	1	1	2,9	308	17,2	46	1005	101	0	1	1	1	3	59
15/12/2023	1	1	1,3	330	17,3	54	1015	113	0	2	6	2	8	58
16/12/2023	1	1	1	18	15,1	64	1019	113	0	2	3	1	6	60
17/12/2023	3	3	0,9	15	14,3	81	1019	108	0	2	2	4	4	58
18/12/2023									0					
19/12/2023	5	3							0			9		
20/12/2023	2	2	3,1					63	0	3	7	4	12	61
21/12/2023	1	1	1,6	294	18,7	52	1007	113	0	2	5	2	7	62
22/12/2023	1	1	1,4	325	19,2	49	1006	112	0	1	4	2	6	64
23/12/2023	1	1	0,8	314	16,3	57	1008	114	0	2	3	1	6	65
24/12/2023	2	2	0,8	4	14,6	76	1006	111	0	1	3	2	5	62
25/12/2023	4	4	0,5	6	14,3	84	1004	110	0	2	5	5	7	56
26/12/2023	3	3	0,5	329	14,4	71	1004	115	0	2	8	4	12	52
27/12/2023	6	5	0,5	2	14,4	71	1005	114	0	2	10	7	13	54
28/12/2023	9	9	0,5	7	14,3	92	1007	66	0	2	4	10	6	62
29/12/2023	12	11	0,5	6	14,4	87	1004	51	0	2	13	13	16	44
30/12/2023	8	8	0,6	6	14,8	78	1002	104	0	2	5	8	8	54
31/12/2023	2	2	0,6	309	16,9	59	999	36	0	1	3	2	6	60
