Red: Red de Vigilancia y Control de la Contaminación AtmosféricaEstación: 12040305-Castelló AP Xaloc
	
FECHA	PM2.5	Veloc.	Direc.	Temp.	H.Rel.	PM10	Veloc.máx.
	µg/m³	m/s	grados	°C	% H.R.	µg/m³	m/s
01/01/2023	12	1,2	11	11,6	98	12	2,1
02/01/2023	14	0,3	335	12,5	97	17	0,9
03/01/2023	13	0,6	360	13,5	94	14	1,3
04/01/2023	9	0,7	315	12,7	90	11	1,7
05/01/2023	12	1,1	268	12,1	88	14	2,2
06/01/2023	16	0,7	22	11	94	17	1,2
07/01/2023	19	0,7	344	10,8	96	19	1,6
08/01/2023	5	4,4	224	17,5	75	7	7,5
09/01/2023	3	2,3	250	16,9	66	6	4,5
10/01/2023	9	1,4	357	12,8	71	19	2,7
11/01/2023	8	1	319	13,1	78	10	2
12/01/2023	6	2,4	274	13	69	9	4,2
13/01/2023	13	1,1	306	11,3	79	17	2,2
14/01/2023	9	1,3	290	11,9	74	11	2,4
15/01/2023	7	1,5	345	11,9	74	9	2,8
16/01/2023	4	4,7	233	13,9	55	8	8,1
17/01/2023	2	5,2	261	16,4	47	8	9,4
18/01/2023	1	3,8	300	11,9	33	3	7,1
19/01/2023	2	4	260	11,8	43	3	7,3
20/01/2023	3	2,5	351	14	46	11	4,5
21/01/2023	3	3,8	346	9,3	42	8	6
22/01/2023	2	3,5	309	9,3	34	3	6,1
23/01/2023	3	2,8	3	8,5	44	5	4,6
24/01/2023	6	3	2	7,9	53	11	4,8
25/01/2023	7	3,8	354	10,6	49	22	5,9
26/01/2023	6	1,6	261	9,8	59	9	3,1
27/01/2023	5	1,9	293	9,1	54	7	3,4
28/01/2023	4	2,6	354	8,7	56	5	4,2
29/01/2023	6	2,2	7	8,1	57	6	3,5
30/01/2023	9	1,8	299	8	68	11	3,1
31/01/2023	11	0,9	356	8,9	75	16	1,9
01/02/2023	11	1,1	297	9,8	80	13	2
02/02/2023	8	2	312	10,5	78	13	3,3
03/02/2023	10	1,6	255	10,3	75	13	2,8
04/02/2023	9	1,1	305	11,3	61	13	2
05/02/2023	8	1,4	336	11	69	11	2,4
06/02/2023	6	2,9	358	8,2	90	8	4,8
07/02/2023	8	3,5	11	10,6	71	22	5,6
08/02/2023	4	4,7	14	10	97	4	7,5
09/02/2023	8	3,2	19	9,7	84	29	5,1
10/02/2023	8	1,1	356	8,8	83	11	2
11/02/2023	11	1,3	3	8,9	81	14	2,3
12/02/2023	10	1,5	321	9,6	81	11	2,5
13/02/2023	14	1,6	297	10,1	82	16	2,7
14/02/2023	13	1,2	24	10,9	86	15	2
15/02/2023	11	0,9	350	11,1	91	13	1,6
16/02/2023	16	1	8	10,4	95	18	1,7
17/02/2023	15	1,1	264	10,5	86	18	2
18/02/2023	11	1,1	253	10,9	75	14	2,1
19/02/2023	18	0,9	62	11,3	87	20	1,7
20/02/2023	27	0,8	27	11,4	93	30	1,4
21/02/2023	20	0,9	350	11,5	89	23	1,8
22/02/2023	22	1,4	60	11,9	97	25	2,3
23/02/2023	21	1,4	24	12,6	98	25	2,4
24/02/2023	3	2,3	294	11,2	58	5	3,9
25/02/2023	6	1,9	274	11,2	65	7	3,4
26/02/2023	3	3,3	274	11	54	4	5,5
27/02/2023	3	4,9	342	7,1	34	5	8,2
28/02/2023	3	3,7	329	10	45	5	6,1
01/03/2023	5	2,7	20	7,9	55	7	4,2
02/03/2023	9	2,8	339	9,7	51	11	4,7
03/03/2023	9	1,9	240	10,5	59	11	3,2
04/03/2023	11	1,5	289	10,3	69	12	2,7
05/03/2023	14	1,4	339	10,8	79	15	2,5
06/03/2023	4	2	242	14,2	67	6	3,8
07/03/2023	7	3,1	257	16,4	59	20	5,3
08/03/2023	3	3,3	234	20,3	51	8	6
09/03/2023	4	3,2	238	19,2	58	8	6
10/03/2023	2	3,7	274	21	43	4	6,3
11/03/2023	3	3,8	261	22,2	47	4	6,5
12/03/2023	3	1,6	119	19,5	64	4	3
13/03/2023	5	2	83	17,8	79	7	3,9
14/03/2023	3	1,9	227	17,5	47	7	3,7
15/03/2023	5	1,1	65	14,4	69	10	2
16/03/2023	7	1,7	46	13,3	91	8	2,7
17/03/2023	5	1,5	54	13,6	94	6	2,3
18/03/2023	10	1,5	58	13,9	97	12	2,5
19/03/2023	3	2	65	15,6	73	4	3,4
20/03/2023	6	1,5	232	14,4	80	7	2,6
21/03/2023	9	2,1	38	13,9	95	10	3,1
22/03/2023	13	1,2	74	14,1	94	14	2
23/03/2023	19	1,9	51	14,9	96	21	3,1
24/03/2023	18	1,2	15	14,9	97	21	2,1
25/03/2023	9	1,8	39	15,9	90	11	3
26/03/2023	15	2,7	57	18,1	72	19	4,4
27/03/2023	4	2,6	270	16,2	52	7	4,4
28/03/2023	6	1,5	229	14,5	79	10	2,6
29/03/2023	8	1,5	213	15,1	90	9	2,5
30/03/2023	10	1,9	56	15,2	94	15	3,1
31/03/2023	7	2,6	285	21,3	58	14	4,8
01/04/2023	8	3,5	145	17,3	66	15	5,7
02/04/2023	1	4,3	340	17,4	40	2	7,7
03/04/2023	2	3	240	15,2	57	3	4,9
04/04/2023	4	1,8	66	14,1	70	7	3
06/04/2023	6	1,8	145	14,5	85	8	2,9
07/04/2023	6	1,6	201	14,5	80	8	2,6
08/04/2023	7	3,2	42	14,9	88	24	5,2
09/04/2023	6	1,4	165	16	93	7	2,3
10/04/2023	9	1,7	60	15,8	95	10	2,6
11/04/2023	10	1,3	144	16,5	94	11	2,4
12/04/2023	13	2,8	37	16,9	87	17	4,5
13/04/2023	2	3,2	107	16	58	4	5
14/04/2023	5	1,9	67	17,2	67	10	3,3
15/04/2023	3	2,3	47	18,7	59	5	3,9
16/04/2023	2	3,3	221	16,8	52	4	5,2
17/04/2023	4	2,3	59	15,5	72	10	3,7
18/04/2023	5	1,7	100	16,5	84	6	2,8
19/04/2023	7	1,6	136	16,1	80	8	2,6
20/04/2023	6	1,8	96	16,8	78	9	3
21/04/2023	8	2,8	52	17,4	92	10	4,3
22/04/2023	9	2,6	68	17,3	98	10	4,1
23/04/2023	16	1,7	68	17,3	95	17	2,8
24/04/2023	7	1,6	156	19,3	82	9	3
25/04/2023	7	1,9	56	20	73	12	3,2
26/04/2023	8	2,9	61	18,6	96	10	4,5
27/04/2023	8	1,5	71	18,4	97	9	2,4
28/04/2023	5	1,9	60	19	97	6	3
29/04/2023	8	2,5	55	19,5	97	9	4,2
30/04/2023	7	1,6	185	20,6	87	8	2,8
01/05/2023	5	1,6	113	19,8	93	5	2,7
02/05/2023	5	1,5	127	18,9	81	8	2,6
03/05/2023	7	2,2	213	19	86	10	3,4
04/05/2023	5	1,8	83	19,4	91	6	2,8
05/05/2023	8	2,4	52	19,1	95	8	3,5
06/05/2023	6	1,4	53	19,5	91	7	2,3
07/05/2023	4	2,5	43	19,8	94	5	4,1
08/05/2023	9	1,5	191	20,5	91	11	2,7
09/05/2023	8	2,4	77	21,2	78	11	4
10/05/2023	3	2,5	96	20,6	60	5	4,1
11/05/2023	2	2,2	86	19,6	57	4	3,7
12/05/2023	2	2,7	88	18,2	56	5	4,3
13/05/2023	2	3,1	324	17,5	64	3	4,9
14/05/2023	2	3,1	222	18,6	64	3	5,1
15/05/2023	5	3,8	272	19,5	55	6	6
16/05/2023	2	4,4	302	20	49	3	7,2
17/05/2023	4	2,4	176	18,9	57	6	3,9
18/05/2023	5	3	136	18,5	69	7	4,6
19/05/2023	5	2	103	18,3	65	6	3,4
20/05/2023	6	2,1	192	18,7	63	8	3,5
21/05/2023	6	2,1	88	19	76	7	3,3
22/05/2023	8	2,9	37	19	81	15	4,8
23/05/2023	12	3,9	46	20	80	34	6,2
24/05/2023	14	2,2	54	20	89	16	3,5
25/05/2023	9	2,9	62	19,5	88	12	4,6
30/05/2023	8	1,9	96	20,1	96	10	3
31/05/2023	13	1,5	90	21,1	91	16	2,6
01/06/2023	11	2,7	40	20,2	98	12	3,9
02/06/2023	9	1,8	124	20,7	96	11	2,8
03/06/2023	9	1,5	107	21,3	95	10	2,6
04/06/2023	6	1,5	125	21,3	96	6	2,5
05/06/2023	7	1,7	155	21,8	94	8	2,9
06/06/2023	5	1,5	136	22,2	93	6	2,5
07/06/2023	6	1,2	163	21,4	96	8	2
08/06/2023	9	1,3	139	22,1	94	11	2,2
09/06/2023	9	3,9	203	23	95	12	5,9
10/06/2023	8	1,4	113	23,7	97	10	2,4
11/06/2023	6	2,4	61	23,2	99	7	3,8
12/06/2023	6	2	115	23,1	92	7	3,3
13/06/2023	5	2,5	265	22,7	88	8	4,3
14/06/2023	4	2,2	223	23,4	86	6	3,6
15/06/2023	7	1,9	121	24,5	85	11	3
16/06/2023	8	1,9	93	24,5	93	9	3
17/06/2023	7	1,5	79	25,2	86	9	2,6
18/06/2023	8	1,4	38	23,7	80	10	2,5
19/06/2023	11	2,9	25	24,1	79	35	4,7
20/06/2023	12	2,1	81	24,7	89	16	3,2
21/06/2023	11	3,1	53	24,8	94	14	4,9
22/06/2023	5	1,5	151	25,5	87	6	2,7
23/06/2023	5	2,4	166	25,9	89	7	3,8
24/06/2023	6	1,4	150	26,1	85	8	2,4
25/06/2023	6	2	95	26,2	94	7	3,1
26/06/2023	5	2,6	79	26,5	95	6	4
27/06/2023	6	2,7	52	26	93	10	4,1
28/06/2023	7	2,4	65	26,1	98	8	3,5
29/06/2023	8	2,5	75	26,2	95	10	3,8
30/06/2023	4	3,3	72	25,7	65	8	5,1
01/07/2023	5	2,1	185	25	77	7	3,5
02/07/2023	6	2	175	26,5	85	7	3,4
03/07/2023	6	2,2	120	25,6	95	8	3,8
04/07/2023	6	2,1	92	25,7	98	7	3,2
05/07/2023	7	2,8	39	25,9	94	14	4,3
06/07/2023	5	2,3	65	26,6	96	6	3,7
07/07/2023	7	3	47	25,8	98	9	4,7
08/07/2023	8	1,7	110	26,5	93	12	2,7
09/07/2023	8	1,7	84	26,8	98	9	2,8
10/07/2023	10	2,7	73	26,9	99	13	4,1
11/07/2023	13	2	141	28	97	18	3,8
12/07/2023	13	3,3	70	27,5	99	17	5,3
13/07/2023	8	2,6	100	27,4	95	10	3,9
14/07/2023	7	2,1	179	27,7	97	9	3,5
15/07/2023	10	2,3	87	28,2	97	13	3,5
16/07/2023	8	3,4	61	27,6	92	12	5,4
17/07/2023	8	2,4	81	27,8	98	10	3,6
18/07/2023	13	1,5	183	28,3	98	15	2,7
19/07/2023	13	2,4	96	28,8	98	15	3,8
20/07/2023	11	3,2	66	28,5	99	14	4,9
21/07/2023	7	3,2	54	28,4	87	10	4,7
22/07/2023	6	3,8	60	28	89	9	5,8
23/07/2023	8	1,9	124	28,7	99	10	3,1
24/07/2023	11	2,7	76	28,4	100	14	4,5
25/07/2023	3	2,9	68	27,4	62	6	4,3
26/07/2023	4	2	132	26,6	65	6	3,3
27/07/2023	6	2,7	144	27,8	90	8	4,1
28/07/2023	5	2,3	94	28	98	6	3,5
29/07/2023	6	1,5	103	28,3	97	8	2,5
30/07/2023	5	2,8	64	28,1	96	6	4,2
31/07/2023	7	1,6	186	28,8	97	9	2,8
01/08/2023	8	2,1	101	28,9	96	10	3,2
02/08/2023	9	2,4	77	28,9	99	11	4
03/08/2023	5	4,1	67	27,9	78	9	6,3
04/08/2023	2	4,8	342	26,1	48	6	7,7
05/08/2023	3	2,6	227	25,3	56	4	4,2
06/08/2023	3	2	158	26,8	58	5	3,3
07/08/2023	5	3,3	108	26,3	75	12	5,1
08/08/2023	5	3,1	191	26,7	97	7	4,9
09/08/2023	5	1,9	204	27,1	96	6	3,3
10/08/2023	5	3,7	96	28,3	98	7	5,8
11/08/2023	6	2	111	28	95	8	3,2
12/08/2023	8	1,5	141	27,8	98	10	2,5
13/08/2023	6	1,7	160	28	96	7	2,9
14/08/2023	5	2	71	27,8	97	6	3,2
15/08/2023	5	2,5	40	27,8	97	6	3,8
16/08/2023	6	2,7	42	28	95	8	4,2
17/08/2023	9	2,4	41	27,9	97	11	3,7
18/08/2023	11	1,4	159	28,3	98	12	2,4
19/08/2023	11	1,9	71	28,2	98	12	2,9
20/08/2023	10	1,3	139	28,8	97	11	2,3
21/08/2023	9	1,6	184	28,9	95	11	2,8
22/08/2023	7	1,3	185	29,3	87	10	2,2
23/08/2023	7	2,1	213	29,8	76	10	3,2
24/08/2023	7	1,9	209	30,3	69	11	3,1
25/08/2023	10	2,1	69	28,8	89	12	3,2
26/08/2023	10	2,9	16	27	96	17	4,7
27/08/2023	2	5,1	330	24,8	59	4	8,6
28/08/2023	2	3,2	229	25,5	52	3	5,3
29/08/2023	2	2,2	160	25,5	56	5	3,8
30/08/2023	2	2,3	262	25	59	3	4,1
31/08/2023	3	1,8	159	25,3	72	4	3,2
01/09/2023	4	2,1	139	26,1	91	6	3,4
02/09/2023	3	2,9	356	23,2	95	4	4,9
03/09/2023	5	6	14	23,9	100	5	9,7
04/09/2023	10	5,4	24	25,7	97	14	8,5
05/09/2023	9	3,5	36	25,9	100	16	5,6
06/09/2023	5	2,5	30	25	99	7	3,9
07/09/2023	5	1,9	51	24,6	97	6	3
08/09/2023	5	1,5	89	24,8	98	7	2,4
09/09/2023	6	1,2	118	25,1	96	6	2,2
10/09/2023	6	1,5	57	25	97	7	2,6
11/09/2023	7	1,5	75	25,3	96	9	2,5
15/09/2023	4	2	28	22,8	100	4	3,4
16/09/2023	5	1,4	52	23,9	100	6	2,4
17/09/2023	9	1,8	232	24,4	100	13	3,1
18/09/2023	4	2,5	247	25,1	68	8	4,3
19/09/2023	4	2,5	357	23	83	8	4,3
20/09/2023	4	2,3	258	22,7	95	5	4,1
21/09/2023	3	3,9	237	24,5	64	5	6,6
22/09/2023	2	2,7	11	22,5	57	3	4,4
23/09/2023	2	1,9	330	21,5	65	3	3,1
24/09/2023	3	1,8	242	22,5	84	4	3,1
25/09/2023	4	1,1	35	22,9	95	5	2,1
26/09/2023	4	1,2	284	22,8	96	4	2,2
27/09/2023	5	1,4	236	23,3	98	6	2,4
28/09/2023	4	1,8	56	23,5	100	5	2,8
29/09/2023	6	1,6	87	23,6	100	7	2,7
30/09/2023	7	1,3	217	24,1	96	8	2,2
01/10/2023	5	2,1	36	23,9	91	5	3,2
02/10/2023	7	1,9	31	23,7	100	8	2,9
03/10/2023	8	1,1	72	24	100	9	2
04/10/2023	5	1,8	196	25	98	6	3
05/10/2023	8	1,4	223	24,1	100	9	2,4
06/10/2023	10	1,3	274	23,9	100	11	2,2
07/10/2023	10	1,2	222	24	99	11	2,3
08/10/2023	9	0,9	266	23,7	97	10	1,9
09/10/2023	9	1,7	256	22,7	97	10	2,8
10/10/2023	9	1,5	249	22,2	95	11	2,5
11/10/2023	8	1,4	253	22,2	96	10	2,3
12/10/2023	9	1,1	284	22,1	98	10	2
13/10/2023	9	1,5	312	21,8	98	11	2,6
14/10/2023	7	1,6	10	23,4	90	9	2,7
15/10/2023	5	1,6	93	22,9	96	6	2,7
16/10/2023	7	1,8	356	22,5	97	8	2,9
17/10/2023	8	1,3	359	22,3	100	9	2,1
18/10/2023	4	4,3	236	24,8	70	5	7,3
19/10/2023	4	5,1	213	22,3	79	5	8,3
20/10/2023	2	3,4	252	20,7	57	3	6,3
21/10/2023	2	1,8	255	17,7	56	3	3,1
22/10/2023	4	2	349	17,9	75	5	3,6
23/10/2023	4	3	223	20,4	85	5	5,2
24/10/2023	2	3,1	237	20,3	61	3	5,8
25/10/2023	2	3,3	234	21,4	62	3	5,9
26/10/2023	2	3,2	238	22,9	63	4	6
27/10/2023	3	2,5	248	19,8	56	5	4,6
28/10/2023	2	2,7	249	20,8	57	3	5,2
29/10/2023	3	2,8	220	18	88	4	4,6
30/10/2023	3	2,8	268	19,3	67	4	5,1
31/10/2023	4	1,5	302	16,7	62	6	2,8
01/11/2023	3	3,5	244	18,9	59	5	6
02/11/2023	3	6,5	260	21,3	52	11	11,7
03/11/2023	2	3,7	275	17,6	45	5	7,4
04/11/2023	2	5	242	19,4	60	4	9
05/11/2023	2	3,1	258	18,4	45	3	5,9
06/11/2023	4	2,2	315	15,6	63	8	3,6
07/11/2023	4	2,3	327	14,4	63	8	3,8
08/11/2023	5	1,3	271	13,3	68	8	2,4
09/11/2023	5	1,5	8	15,2	78	8	2,7
10/11/2023	5	1,2	248	16,3	79	8	2,3
11/11/2023	3	2,6	230	18	80	7	4,7
12/11/2023	3	2	251	19,2	76	4	3,6
13/11/2023	6	1,3	353	18,2	78	10	2,3
14/11/2023	8	1	5	17	89	14	1,8
15/11/2023	5	0,9	301	17,8	88	8	1,9
16/11/2023	9	1	253	16,4	99	10	1,9
17/11/2023	7	1	35	17	97	10	1,9
18/11/2023	10	0,9	288	15,6	97	11	1,6
19/11/2023	12	0,6	36	13,2	100	16	1,2
20/11/2023	13	0,9	246	13,1	100	14	1,8
21/11/2023	3	2,2	299	16,8	58	5	4,7
22/11/2023	2	4,3	331	17,1	42	4	7,2
23/11/2023	5	1,9	286	13,4	56	9	3,2
24/11/2023	7	1,3	287	13,5	61	13	2,4
25/11/2023	5	1,5	28	14,5	78	7	2,5
26/11/2023	9	1,1	358	12,8	99	10	1,8
27/11/2023	13	1,1	322	13,2	99	16	2,1
28/11/2023	5	1,3	257	17,8	71	8	2,6
29/11/2023	4	2,2	246	16,9	90	8	3,9
30/11/2023	2	5,5	208	19,3	86	4	8,5
01/12/2023	2	4,6	240	18,4	62	4	7,9
02/12/2023	2	2,3	282	14,4	55	2	4
03/12/2023	4	1,9	288	12	68	4	3,3
04/12/2023	6	1,4	295	12,7	78	10	2,9
05/12/2023	3	1,7	282	12,7	71	4	3
06/12/2023	5	0,9	312	12,1	86	6	1,8
07/12/2023	11	1,2	290	12,3	98	12	2,2
08/12/2023	3	2,9	293	15,7	66	3	5,5
09/12/2023	4	1,6	289	15,4	69	6	3
10/12/2023	5	1,2	52	16,4	92	6	2,4
11/12/2023	8	0,8	5	14,2	100	11	1,5
12/12/2023	8	1,1	17	15,2	93	16	2,3
13/12/2023	3	2,4	276	16,1	63	4	4,4
14/12/2023	1	4,3	323	15,8	43	3	7,7
15/12/2023	4	1,4	279	14	72	6	2,8
16/12/2023	4	1	344	11,7	78	5	1,9
17/12/2023	7	1,1	355	10,5	93	7	1,8
18/12/2023	7	0,7	334	10,1	92	8	1,6
19/12/2023	9	0,8	304	10,8	76	14	1,8
20/12/2023	6	3,7	335	13	65	12	6,7
21/12/2023	3	2,7	270	15,4	63	5	4,8
22/12/2023	2	2,9	288	16,4	56	4	5,2
23/12/2023	4	1,6	277	13,4	71	4	3
24/12/2023	5	0,6	325	10,7	91	5	1,3
25/12/2023	6	0,8	298	10,4	98	6	1,6
26/12/2023	6	0,7	336	10,3	89	7	1,4
27/12/2023	9	1,2	301	10,2	85	10	2
28/12/2023	14	0,8	359	10,2	98	15	1,5
29/12/2023	16	1	341	10,8	99	17	2
30/12/2023	14	0,9	13	11,4	95	14	1,5
31/12/2023	8	1,8	263	12,8	81	9	3,4
