Red: Red de Vigilancia y Control de la Contaminación AtmosféricaEstación: 12040015-Castelló - Patronat d´Esports
	
FECHA	PM2.5	C8H10	As	Pb	C7H8	BaP	Cd	C6H6	SO2	CO	NO	NO2	PM10	Ni	NOx	O3
	µg/m³	µg/m³	ng/m³N	µg/m³	µg/m³	ng/m³N	ng/m³N	µg/m³	µg/m³	mg/m³	µg/m³	µg/m³	µg/m³	ng/m³N	µg/m³	µg/m³
01/01/2023		0,7			1,5	0,17		0,3	3	0,1	3	17	15		21	27
02/01/2023		1,2	0,28	0,01	2,1		0,08	0,4	3	0,1	9	26	21	1,81	39	20
03/01/2023		1,6			2,5			0,4	3	0,1	9	26	17		40	20
04/01/2023		1,5	0,28	0,01	6,8		0,08	0,4	3	0,1	11	26	16	1,12	43	18
05/01/2023		1,2			5,4	0,18		0,4	3	0,1	8	28	12		41	20
06/01/2023		0,9			1,9			0,4	3	0,1	4	23	12		28	23
07/01/2023		0,9			2			0,5	3	0,1	6	25	16		34	23
08/01/2023		0,3	0,05	0,01	0,6		0,04	0,2	3	0,1	1	10	8	0,59	12	33
09/01/2023		0,8			1,3	0,07		0,2	3	0,1	5	21	9		29	32
10/01/2023		0,8	0,11	0,01	1,5		0,08	0,3	3	0,1	7	25	8	1,71	35	33
11/01/2023		1,3	0,47	0,01	4,3		0,11	0,3	7	0,1	11	29	14	0,75	46	21
12/01/2023		0,7	0,89	0,01	1,6		0,18	0,2	11	0,1	7	37	15	0,89	47	24
13/01/2023		1,9			6,7	0,23		0,5	4	0,1	17	39	22		65	15
14/01/2023		0,9	0,61	0,01	1,9		0,25	0,4	4	0,1	8	30	16	0,89	42	21
15/01/2023		0,9			2,1			0,4	5	0,1	5	22	13		30	27
16/01/2023		0,1	0,19	0,01	0,3		0,07	0,1	4	0,1	1	10	12	0,47	12	45
17/01/2023		0,1			0,2			0,1	3	0,1	1	4	11		6	56
18/01/2023		0,1	0,06	0,01	0,5		0,03	0,1	3	0,1	2	7	2	0,47	10	53
19/01/2023		0,2			0,3			0,1	4	0,1	2	8	5		10	53
20/01/2023		0,2	0,19	0,01	0,5		0,04	0,1	3	0,1	2	13	8	0,75	16	52
21/01/2023		0,2			0,6	0,04		0,1	4	0,1	3	11	6		15	51
22/01/2023		0,1	0,2	0,01	0,2		0,03	0,1	4	0,1	1	4	11	0,34	6	63
23/01/2023		0,1			0,2			0,1	3	0,1	2	6	5		9	57
24/01/2023		0,1	0,06	0,01	0,3		0,03	0,2	3	0,1	2	8	3	1,18	11	48
25/01/2023		0,3			0,5			0,3	3	0,1	4	14	2		20	47
26/01/2023		0,5	0,28	0,01	2,1		0,08	0,3	5	0,1	7	27	5	0,81	38	35
27/01/2023		0,4			2,1			0,2	7	0,1	4	23	4		28	42
28/01/2023		0,2	0,42	0,01	0,6		0,07	0,1	8	0,1	2	16	4	0,81	19	49
29/01/2023		0,1			0,2	0,04		0,1	3	0,1	2	5	1		7	52
30/01/2023		0,6	0,42	0,01	2,5		0,08	0,3	5	0,1	6	24	11	0,53	34	41
31/01/2023		1,4			4,7			0,5	5	0,1	13	35	14		54	31
01/02/2023		1,1	0,42	0,01	2,6		0,14	0,5	5	0,1	15	29	14	1,37	52	34
02/02/2023		0,5			0,8			0,2	8	0,1			18			35
03/02/2023		0,8	0,56	0,01	1,7		0,15	0,4	7	0,1			18	0,95		34
04/02/2023		0,9			2			0,5	8	0,1			17			
05/02/2023	17	0,6	0,42	0,01	1,1		0,13	0,4	7	0,1			12	0,81		
06/02/2023		0,3			1,7	0,18		0,2	4	0,1			6			
07/02/2023		0,1	0,14	0,01	0,2		0,03	0,1	3	0,1			6	0,67		
08/02/2023		0,1	0,14	0,01	0,2		0,01	0,1	3	0,1			5	0,18		
09/02/2023		0,1	0,14	0,01	0,2		0,04	0,1	3	0,1			8	0,14		70
10/02/2023		0,5			1			0,3	4	0,1			13			48
11/02/2023		0,8	0,42	0,01	1,2		0,07	0,4	4	0,1			15	0,28		48
12/02/2023		0,3			0,5			0,3	5	0,1			15			56
13/02/2023		0,7	0,56	0,01	2,2		0,15	0,3	5	0,1			19	0,7		42
14/02/2023		0,6			1,2	0,14		0,2	4	0,1			12			60
15/02/2023		0,7	0,42	0,01	2,2		0,14	0,3	3	0,1			11	0,98		49
16/02/2023		0,8			2,6			0,3	4	0,1			17			29
17/02/2023		1,2	0,98	0,01	3,6		0,14	0,4	8	0,1			23	0,84		21
18/02/2023		0,5			0,9			0,3	8	0,1			21			37
19/02/2023		0,7	0,84	0,01	1,5		0,17	0,4	8	0,1			27	1,12		
21/02/2023			0,84	0,01			0,31						27	1,48		
22/02/2023		0,7			1,9	0,1		0,3	6	0,1	9	26	22		39	38
23/02/2023		0,3	0,55	0,01	0,4		0,1	0,2	4	0,1	3	18	26	2,16	22	45
24/02/2023		0,3			0,5			0,2	6	0,1	5	20	6		27	39
25/02/2023		0,2	0,69	0,01	0,3		0,11	0,1	11	0,1	5	23	9	0,63	30	31
26/02/2023		0,3			0,6			0,2	7	0,1	2	8	6		11	
27/02/2023		0,2	0,14	0,01	0,3		0,03	0,1	3	0,1	3	3	7	0,22	8	56
28/02/2023		0,3	0,28	0,01	0,5		0,03	0,1	4	0,1	3	5	6	0,36	9	54
01/03/2023		0,2	0,42	0,01	0,5		0,08	0,1	5	0,1	5	16	12	0,36	23	49
02/03/2023		0,2			0,4	0,04		0,2	3	0,1	5	19	14		26	51
03/03/2023		0,4	0,56	0,01	0,6		0,08	0,2	7	0,1	9	34	19	0,36	48	
04/03/2023		0,3			0,4			0,2	8	0,1	6	30	20		38	
05/03/2023		0,3	0,97	0,01	0,4		0,1	0,2	8	0,1	5	31	20	0,92	39	
06/03/2023		0,3			0,5			0,1	9	0,1	6	33	12		42	
07/03/2023		0,2	0,41	0,01	0,4		0,08	0,1	8	0,1	7	28	16	0,49	38	
08/03/2023		0,3			0,5			0,1	5	0,1	7	21	9		31	42
09/03/2023		0,5	0,55	0,01	0,7		0,08	0,2	8	0,1	9	27	17	0,96	41	38
10/03/2023		0,2			0,4	0,04		0,1	5	0,1	5	21	11		29	53
11/03/2023		0,2	0,27	0,01	0,4		0,04	0,1	5	0,1	7	20	17	0,41	31	44
12/03/2023		0,2			0,4			0,1	11	0,1	6	27	9		36	25
13/03/2023			0,28	0,01			0,06		7	0,1	5	18	15	1,1	26	39
14/03/2023						0,04			10	0,1	6	27	15		36	56
15/03/2023			0,35	0,01			0,04		4	0,1	9	30	21	1,15	43	49
16/03/2023			0,35	0,01			0,04		3	0,1	5	22	18	1,57	29	59
17/03/2023			0,21	0,01			0,04		3	0,1	4	19	15	1,01	25	60
18/03/2023						0,04			5	0,1	5	25	22		33	46
19/03/2023			0,21	0,01			0,04		5	0,1	4	16	13	0,74	22	56
20/03/2023									10	0,1	9	32	18		45	42
21/03/2023			0,35	0,01			0,06		3	0,1	4	15	14	1,01	22	69
22/03/2023		0,4			3,1			0,1	7	0,1	5	33	13		40	65
23/03/2023		0,3	0,35	0,01	0,9		0,1	0,1	6	0,1	4	26	16	2,39	32	73
24/03/2023		0,7			1,7			0,3	6	0,1	12	48	21		66	42
25/03/2023		0,4	0,35	0,01	0,6		0,15	0,2	5	0,1	6	22	13	1,4	31	64
26/03/2023		0,4			0,8	0,04		0,3	5	0,1	8	19	27		31	55
27/03/2023		0,2	0,35	0,01	0,4		0,06	0,1	5	0,1	15	20	17	0,6	42	79
28/03/2023		0,6			4			0,2	6	0,1	20	29	17		59	66
29/03/2023		1,5	0,28	0,01	19,2		1,19	0,2	5	0,2	8	25	18	0,72	37	67
30/03/2023		0,5			1,2			0,2	3	0,1	6	26	20		34	72
31/03/2023		0,4	0,14	0,01	0,7		0,09	0,1	6	0,1	7	24	29	0,99	34	65
01/04/2023		0,2			0,4			0,1	5	0,1	7	15	41		26	85
02/04/2023		0,2	0,14	0,01	0,3		0,03	0,1	4	0,1	10	3	13	0,44	18	94
03/04/2023		0,2			0,3	0,04		0,1	5	0,1	14	15	9		36	89
04/04/2023		0,4	0,41	0,01	0,8		0,08	0,1	7	0,1	18	29	10	0,72	56	73
05/04/2023		0,2			0,3			0,1	4	0,1	5	19	12		27	87
06/04/2023		0,3	0,28	0,01	0,6		0,04	0,1	4	0,1	3	23	11	0,76	28	79
07/04/2023		0,3			0,6			0,1	7	0,1	4	25	11		30	
08/04/2023		0,4	0,28	0,01	0,3		0,04	0,1	4	0,1	2	8	12	0,48	11	
09/04/2023		0,1			0,3			0,1	4	0,1	2	11	13		13	
10/04/2023		0,1			0,3			0,1	5	0,1	2	7	14		9	
11/04/2023		0,3			0,8	0,04		0,1	5	0,1	3	18	19		22	
12/04/2023		0,3	0,55	0,01	0,6		0,07	0,1	6	0,1	3	23	25	1,99	27	53
13/04/2023		0,1			0,2			0,1	4	0,1	4	11	12		17	81
14/04/2023		0,4	0,28	0,01	0,7		0,03	0,1	6	0,1	6	25	15	1,23	34	66
15/04/2023		0,1			0,3			0,1	4	0,1	4	8	14		14	82
16/04/2023		0,1	0,28	0,01	0,3		0,05	0,1	4	0,1	3	7	10	1,92	11	95
17/04/2023		0,3			0,5			0,2	3	0,1	5	17	15		25	80
18/04/2023		0,2	0,28	0,01	0,3		0,07	0,1	3	0,1	4	15	14	1,78	20	88
19/04/2023		0,2			0,3	0,04		0,1	4	0,1			10			79
20/04/2023		0,2	0,41	0,01	0,7		0,1	0,1	5	0,1	5	20	17	1,24	27	79
21/04/2023		0,3	0,41	0,01	0,5		0,07	0,1	3	0,1	3	13	15	1,65	18	83
22/04/2023		0,1	0,28	0,01	0,2		0,05	0,1	3	0,1	2	10	16	1,93	12	89
23/04/2023		0,2			0,4			0,1	3	0,1	2	18	19		21	65
24/04/2023		0,7	0,41	0,01	0,9		0,09	0,1	6	0,1	6	33	17	1,93	41	54
25/04/2023		0,3			0,8			0,2	6	0,1			17			59
26/04/2023		0,1	0,28	0,01	0,3		0,06	0,1	4	0,1	1	4	14	2,34	6	82
27/04/2023		0,3			1,2	0,04		0,1	4	0,1	4	12	19		19	62
28/04/2023		0,1	0,28	0,01	0,2		0,07	0,1	3	0,1	4	10	15	1,32	16	77
29/04/2023		0,2			0,2			0,1	3	0,1	3	12	18		17	71
30/04/2023		0,3	0,55	0,01	0,4		0,05	0,1	4	0,1	3	15	17	0,91	19	59
01/05/2023		0,2			0,4	0,04		0,1	4	0,1	3	8	14		12	71
02/05/2023		0,3	0,55	0,01	0,7		0,06	0,1	5	0,1	6	19	16	0,77	28	61
03/05/2023		0,3			0,6			0,1	5	0,1	7	16	16		27	73
04/05/2023		0,2	0,28	0,01	0,2		0,04	0,1	3	0,1	5	10	15	0,94	17	90
05/05/2023		0,1			0,2	0,04		0,1	3	0,1	4	10	19		16	95
06/05/2023		0,2	0,14	0,01	0,2		0,03	0,1	3	0,1	3	9	14	0,94	14	88
07/05/2023		0,1			0,2			0,1	3	0,1	4	6	13		11	91
08/05/2023		0,3	0,41	0,01	0,4		0,06	0,1	6	0,1	7	18	19	0,94	29	71
09/05/2023		0,4			1,2			0,1	5	0,1	9	19	24		32	
10/05/2023		0,1	0,14	0,01	0,2		0,01	0,1	3	0,1	5	7	15	0,66	14	
11/05/2023		0,1			0,1			0,1	4	0,1	4	7	17		14	92
12/05/2023		0,1	0,28	0,01	0,2		0,03	0,1	4	0,1	5	10	14	0,39	18	77
13/05/2023		0,1			0,1	0,04		0,1	4	0,1	5	9	14		16	77
14/05/2023		0,1	0,69	0,01	0,1		0,07	0,1	5	0,1	5	12	13	0,39	19	79
15/05/2023		0,1			0,2			0,1	4	0,1	5	10	16		18	97
16/05/2023		0,1	0,14	0,01	0,1		0,03	0,1	3	0,1	4	6	16	0,38	12	95
17/05/2023		0,2			0,2	0,04		0,1	4	0,1	5	10	18		17	87
18/05/2023		0,1	0,28	0,01	0,1		0,04	0,1	4	0,1	5	11	19	0,8	19	83
19/05/2023		0,1			0,2			0,1	3	0,1	5	10	15		18	90
20/05/2023		0,1	0,28	0,01	0,1		0,07	0,1	5	0,1	5	12	14	0,25	19	91
21/05/2023		0,1			0,2	0,04		0,1	4	0,1	5	6	13		14	105
22/05/2023		0,1	0,14	0,01	0,1		0,04	0,1	4	0,1	8	6	13	0,39	19	82
23/05/2023		0,1	0,28	0,01	0,1		0,04	0,1	3	0,1	7	5	14	0,66	15	99
24/05/2023		0,2	0,55	0,01	0,3		0,08	0,1	4	0,1	3	10	15	0,52	14	82
25/05/2023		0,3			0,7	0,04		0,1	4	0,1	4	18	18		24	65
26/05/2023		0,2	0,14	0,01	0,3		0,03	0,1	3	0,1	4	14	13	0,39	19	64
27/05/2023		0,3			0,4			0,1	4	0,1	3	14	24		20	51
28/05/2023		0,3	0,69	0,01	0,7		0,12	0,1	4	0,1	4	20	25	1,31	25	60
29/05/2023		0,3			0,5	0,04		0,1	4	0,1	5	15	24		22	68
30/05/2023		0,2	0,55	0,01	0,3		0,08	0,1	3	0,1	4	12	21	1,17	18	73
31/05/2023		0,6			1,6			0,2	7	0,1	7	21	29		31	76
01/06/2023		0,2	0,28	0,01	0,6		0,08	0,1	3	0,1	4	10	21	1,17	17	93
02/06/2023		0,2			0,2			0,1	4	0,1	5	14			23	75
03/06/2023		0,2	0,55	0,01	0,2		0,1	0,1	4	0,1	5	11	21	1,72	19	69
04/06/2023		0,2			0,2			0,1	3	0,1	6	8	17		17	70
05/06/2023		0,3	0,41	0,01	0,5		0,05	0,1	4	0,1	8	14	19	1,58	26	68
06/06/2023		0,3			0,7	0,04		0,1	4	0,1	10	15	17		30	63
07/06/2023		0,3	0,41	0,01	1,2		0,05	0,1	4	0,1	5	13	13	0,88	21	51
08/06/2023		0,4			0,7			0,1	3	0,1	5	12	17		19	52
09/06/2023		0,7	0,55	0,01	1,1		0,05	0,2	5	0,1	4	12	24	1,15	18	56
10/06/2023		0,3			0,4	0,04		0,1	3	0,1	2	10	17		12	62
11/06/2023		0,1	0,55	0,01	0,2		0,04	0,1	4	0,1	1	9	16	1,29	10	61
12/06/2023		0,2	0,41	0,01	0,2		0,04	0,1	5	0,1	2	14	18	0,74	17	60
13/06/2023		0,2	0,41	0,01	0,6		0,08	0,1	4	0,1			17	0,47		76
14/06/2023		0,2			0,6	0,04		0,1	7	0,1			15			67
15/06/2023		0,3	0,55	0,01	0,4		0,1	0,1	6	0,1	3	21	19	0,97	26	70
16/06/2023		0,3			1			0,1	4	0,1	3	16	16		21	78
17/06/2023		0,4	0,27	0,01	0,9		0,04	0,2	4	0,1	2	11	15	0,97	13	101
18/06/2023		0,3			0,4	0,04		0,1	4	0,1	1	17	16		19	86
19/06/2023		0,3	0,41	0,01	1,9		0,08	0,1	4	0,1	2	14	22	0,7	16	96
20/06/2023		0,2			0,4			0,1	4	0,1	2	11	26		14	90
21/06/2023		0,1	0,27	0,01	0,2		0,04	0,1	3	0,1	1	7	23	1,33	9	84
22/06/2023		0,3			0,3	0,04		0,1	4	0,1	3	17	14		20	73
23/06/2023		0,4	0,41	0,01	0,8		0,05	0,1	5	0,1	2	17	15	0,92	19	74
24/06/2023		0,3			0,5			0,1	8	0,1	2	20	17		22	68
25/06/2023		0,2	0,14	0,01	0,4		0,12	0,1	3	0,1	1	8	15	1,19	9	87
26/06/2023		0,1			0,2			0,1	3	0,1	1	9	15		11	86
27/06/2023		0,2	0,14	0,01	0,2		0,04	0,1	3	0,1	1	9	14	1,33	11	86
28/06/2023		0,2			0,3			0,1	3	0,1	1	8	10		10	85
29/06/2023		0,2	0,27	0,01	0,3		0,05	0,1	3	0,1	1	8	16	1,01	10	77
30/06/2023		0,1			0,2	0,04		0,1	3	0,1	1	6	12		8	73
01/07/2023		0,2	0,27	0,01	0,4		0,08	0,1	5	0,1	2	13	16	0,6	16	66
02/07/2023		0,2			0,3			0,1	5	0,1	2	12	16		14	59
03/07/2023		0,2	0,27	0,01	0,4		0,05	0,1	3	0,1	2	13	16	0,6	15	56
04/07/2023		0,2			0,4			0,1	4	0,1	2	11	13		14	53
05/07/2023		0,1	0,14	0,01	0,2		0,05	0,1	4	0,1	1	9	11	0,74	11	58
06/07/2023		0,1			0,1			0,1	3	0,1	1	8	14		10	59
07/07/2023		0,1	0,27	0,01	0,1		0,04	0,2	3	0,1	1	11	17	1,15	13	63
08/07/2023		0,2			0,3	0,04		0,1	4	0,1	1	12	19		14	65
09/07/2023		0,1	0,27	0,01	0,2		0,03	0,1	3	0,1	1	7	20	1,83	9	71
10/07/2023		0,1	0,27	0,01	0,3		0,04	0,1	3	0,1	1	7	26	2,38	8	68
11/07/2023		0,2			0,5			0,1	3	0,1	2	12			14	59
12/07/2023		0,2			0,7	0,04		0,1	3	0,1	2	10	34		13	54
13/07/2023		0,1	0,27	0,01	0,2		0,03	0,1	3	0,1	2	4	22	1,15	7	61
14/07/2023		0,2			0,4			0,1	4	0,1	3	11	22		15	58
15/07/2023		0,1	0,27	0,01	0,2		0,03	0,1	3	0,1	1	2	26	1,68	4	77
16/07/2023		0,2			0,3			0,1	3	0,1	1	2			4	
17/07/2023		0,1			0,2			0,1	3	0,1	2	2			4	
18/07/2023		0,3			1			0,1	4	0,1	2	7			11	
19/07/2023		0,2			1,4			0,1	4	0,1	2	7			9	
20/07/2023		0,2			0,4			0,1	3	0,1	1	2			4	
21/07/2023		0,3			0,4			0,1	3	0,1	2	5			7	82
22/07/2023		0,1			0,1			0,1	3	0,1	1	1	25		3	74
23/07/2023		0,1	0,56	0,01	0,2		0,06	0,1	3	0,1	1	2	31	2,14	4	55
24/07/2023		0,2			1	0,04		0,1	3	0,1	2	6	32		9	54
25/07/2023		0,1	0,28	0,01	0,1		0,03	0,1	3	0,1	2	2	20	0,59	5	68
26/07/2023		0,2			0,3			0,1	3	0,1	3	7	22		11	69
27/07/2023		0,2	0,42	0,01	0,5		0,06	0,1	4	0,1	2	8	21	1	11	66
28/07/2023		0,1			0,2			0,1	3	0,1	2	3	21		6	71
29/07/2023		0,2	0,28	0,01	0,3		0,03	0,1	3	0,1	1	6	20	1	8	63
30/07/2023		0,1			0,2			0,1	3	0,1	1	2	20		4	67
31/07/2023		0,1	0,56	0,01	0,3		0,15	0,1	3	0,1	2	5	23	1,56	8	
01/08/2023		0,2			0,3	0,04		0,1	3	0,1	2	4	29		7	
02/08/2023		0,3	0,42	0,01	1,1		0,07	0,1	4	0,1	2	7	30	4,27	10	89
03/08/2023		0,2			0,3			0,1	3	0,1	2	4	32		7	50
04/08/2023		0,2			0,2			0,1	3	0,1	1	2			3	54
05/08/2023		0,1			0,3			0,1	5	0,1	2	9			11	62
06/08/2023		0,2			0,9			0,1	4	0,1	2	10			13	46
07/08/2023		0,1			1,6			0,1	3	0,1						65
08/08/2023		0,1			1			0,1	3	0,1						66
09/08/2023		0,4			2,3	0,04		0,1	3	0,1			17			53
10/08/2023		0,3	0,28	0,01	1,6		0,03	0,1	4	0,1			24	2,34		
11/08/2023		0,1			0,3	0,04		0,1	3	0,1			19			
12/08/2023		0,4	0,42	0,01	0,4		0,04	0,1	4	0,1			23	1,92		
13/08/2023		0,1			0,3			0,1	3	0,1			17			
14/08/2023		0,2	0,14	0,01	0,3		0,01	0,1	4	0,1			15	1,5		
15/08/2023		0,1			0,2			0,1	3	0,1			11			
16/08/2023		0,1	0,14	0,01	0,2		0,03	0,1	3	0,1			13	2,89		
17/08/2023		0,1			0,2	0,04		0,1	3	0,1			13			
18/08/2023		0,2	0,21	0,01	0,6		0,04	0,1	3	0,1			17	1,5		
19/08/2023		0,2			0,3			0,1	3	0,1			17			
20/08/2023		0,1	0,21	0,01	0,3		0,11	0,1	4	0,1			15	3,31		
21/08/2023		0,4			1			0,2	4	0,1						
22/08/2023		1,3	0,56	0,01	12,9		0,04	0,2	4	0,2			25	3,21		58
23/08/2023		1,2	0,83	0,01	5,3		0,07	0,3	5	0,1			26	2,5		50
24/08/2023		0,9	0,83	0,01	4,3		0,08	0,1	5	0,1			24	1,95		59
25/08/2023		0,3			0,6	0,04		0,1	3	0,1			23			72
26/08/2023		0,1			0,2			0,1	3	0,1						61
27/08/2023		0,1			0,2			0,1	3	0,1			14			47
28/08/2023		0,2	0,14	0,01	0,7		0,01	0,1	3	0,1			11	0,43		53
29/08/2023		0,2			1,2	0,04		0,1	3	0,1			9			50
30/08/2023		0,2	0,28	0,01	0,7		0,06	0,1	3	0,1			9	0,29		51
31/08/2023													14			
01/09/2023			0,14	0,01			0,07						15	0,71		
02/09/2023		0,2			0,3			0,1	3	0,1	6	12			21	55
03/09/2023		0,1	0,14	0,01	0,2		0,03	0,1	3	0,1	5	8	15	0,85	15	68
04/09/2023		0,1	0,28	0,01	0,2		0,04	0,1	3	0,1	5	9	25	1,41	17	71
05/09/2023		0,2	0,28	0,01	1,3		0,04	0,1	3	0,1	5	10	20	1,31	18	63
06/09/2023		0,2			0,5			0,1	3	0,1	5	12	13		20	64
07/09/2023		0,2	0,56	0,01	0,4		0,11	0,1	3	0,1	5	14	13	0,76	22	68
08/09/2023		0,3			0,4			0,1	3	0,1	5	16	15		24	65
09/09/2023		0,5	0,7	0,01	0,8		0,07	0,1	3	0,1	8	18	15	0,76	29	47
10/09/2023		0,2			0,4	0,04		0,1	3	0,1	5	14	14		22	56
11/09/2023		0,4	0,7	0,01	1,5		0,18	0,1	3	0,1	9	19	17	1,17	34	49
12/09/2023		0,3			0,5			0,1	4	0,1	6	22	16		31	47
13/09/2023		0,2	0,42	0,01	0,4		0,07	0,1	3	0,1	6	12	11	0,43	21	57
14/09/2023		0,1			0,5			0,1	3	0,1	3	10	14		14	60
15/09/2023		0,4	0,56	0,01	0,6		0,14	0,1	3	0,1	3	17	16	1,28	21	44
16/09/2023		0,3			0,5			0,1	4	0,1	2	12	14		15	53
17/09/2023		0,3	1,12	0,01	0,5		0,2	0,1	3	0,1	2	15	36	1,97	17	43
18/09/2023		0,2			0,3	0,04		0,1	6	0,1	2	13	14		16	48
19/09/2023		0,4	0,42	0,01	0,6		0,15	0,1	4	0,1	6	14	17	0,11	24	46
20/09/2023		0,4			0,5			0,1	3	0,1	5	19	15		25	48
21/09/2023		0,3	0,56	0,01	0,4		0,07	0,1	5	0,1	3	19	13	0,39	23	39
22/09/2023		0,2			0,4			0,1	4	0,1	2	13			16	50
23/09/2023		0,3	0,28	0,01	0,5		0,06	0,2	3	0,1	3	15	10	0,11	19	46
24/09/2023		0,3			0,5			0,1	4	0,1	2	16	10		20	49
25/09/2023			0,42	0,01			0,03						14	0,39		
26/09/2023		0,5			0,8	0,04		0,1	4	0,1	6	19	14		28	49
27/09/2023		0,9	0,55	0,01	2,3		0,08	0,2	3	0,1	8	18	14	0,8	31	47
28/09/2023		0,4			0,9			0,1	3	0,1	3	15	15		19	56
29/09/2023		0,7	0,42	0,01	4,2		0,07	0,1	5	0,1	5	18	18	0,94	25	57
30/09/2023		0,8			1,4			0,1	5	0,1	6	25	19		34	37
01/10/2023		0,3	0,55	0,01	0,6		0,07	0,1	5	0,1	2	15	14	0,8	18	62
02/10/2023		0,4			0,8			0,1	3	0,1	3	18	14		22	55
03/10/2023		1	0,28	0,01	4,4		0,04	0,1	3	0,1	9	17	12	1,16	30	50
04/10/2023		0,4			1,5	0,04		0,1	4	0,1	4	15	14		20	52
05/10/2023		0,8	0,55	0,01	4,7		0,11	0,1	4	0,1	4	19	19	1,02	25	53
06/10/2023		0,6			5,5			0,1	4	0,1	7	18	17		28	54
07/10/2023		0,2	0,55	0,01	0,4		0,07	0,1	4	0,1	2	14	17	0,89	17	51
08/10/2023		0,3			0,6			0,1	3	0,1	2	13	24		17	50
09/10/2023		0,4			1,4			0,1	3	0,1	3	16			20	43
10/10/2023		0,7			1			0,1	4	0,1	6	22	11		31	41
11/10/2023		0,7	0,55	0,01	1,1		0,08	0,1	4	0,1	6	22	15	0,89	31	44
12/10/2023		0,5			0,8	0,04		0,1	4	0,1	3	17	13		21	46
13/10/2023		0,6	0,55	0,01	1		0,11	0,1	4	0,1	9	21	20	0,89	34	45
14/10/2023		0,4			0,6			0,1	4	0,1	2	15			18	49
15/10/2023		0,2	0,41	0,01	0,4		0,06	0,1	4	0,1	2	10	13	0,19	13	46
16/10/2023		0,5	0,41	0,01	4,8		0,06	0,1	4	0,1	5	15	13	0,61	23	49
17/10/2023		0,5	0,41	0,01	5,1		0,1	0,1	3	0,1	4	16	12	1,47	22	53
18/10/2023		0,3			1,3			0,1	4	0,1	2	12	9		16	40
19/10/2023		0,2	0,14	0,01	0,3		0,04	0,1	4	0,1	2	10	10	0,51	13	55
20/10/2023		0,2			0,2	0,04		0,1	4	0,1	2	10	6		13	53
21/10/2023		0,3	0,28	0,01	0,4		0,04	0,1	4	0,1	2	14	5	0,24	17	51
22/10/2023		0,2			0,3			0,1	3	0,1	2	10	9		13	56
23/10/2023		0,4	0,28	0,01	0,5		0,06	0,1	5	0,1	3	19	15	0,92	24	45
24/10/2023		0,3			0,6			0,1	3	0,1	3	14	6		18	43
25/10/2023		0,3	0,28	0,01	0,3		0,04	0,1	4	0,1	3	13	3	0,28	18	45
26/10/2023		0,5			0,5			0,1	5	0,1	3	16	6		21	27
27/10/2023		0,3	0,28	0,01	0,6		0,06	0,1	5	0,1	2	17	7	0,28	21	42
28/10/2023		0,2			0,3	0,04		0,1	6	0,1	2	14	7		18	45
29/10/2023		0,2	0,28	0,01	0,4		0,07	0,1	5	0,1	2	14	7	0,28	17	46
30/10/2023		0,4			6			0,1	4	0,1	3	16	9		21	45
31/10/2023		0,5	0,42	0,01	3,8		0,11	0,2	5	0,1	7	29	16	0,81	39	31
01/11/2023		0,2			0,4	0,04		0,1	5	0,1	2	12	1		16	42
02/11/2023		0,1	0,14	0,01	0,6		0,11	0,1	4	0,1	2	5	6	0,52	8	57
03/11/2023		0,2			0,3			0,1	4	0,1	2	9	4		12	51
04/11/2023		0,2	0,28	0,01	0,3		0,04	0,1	6	0,1	2	11	6	0,11	14	47
05/11/2023		0,1			0,6	0,04		0,1	4	0,1	2	8	5		11	54
06/11/2023		0,7	0,28	0,01	11,9		0,07	0,1	5	0,2	5	17	7	0,39	24	44
07/11/2023		0,7			11,9			0,1	7	0,2	4	24	11		30	36
08/11/2023			0,56	0,01			0,11		7	0,5	11	35	10	0,53	52	22
09/11/2023									5	0,2	6	31	8		40	24
10/11/2023		1,9	0,28	0,01	25,9		0,08	0,2	5	0,3	9	29	6	0,11	43	30
11/11/2023		0,4			1,4			0,1	5	0,1	2	17	2		20	37
12/11/2023		0,5	0,28	0,01	2,1		0,06	0,2	4	0,1	3	18	4	1,4	23	33
13/11/2023		0,9			8,5	0,04		0,2	7	0,2	8	33	10		45	23
14/11/2023		1	0,69	0,01	7,9		0,15	0,7	5	0,3	15	37	13	0,07	59	16
15/11/2023		0,4			0,9			0,3	8	0,2	12	28	9		47	20
16/11/2023		0,3	0,7	0,01	0,8		0,1	0,3	7	0,2	15	35	20	0,91	57	13
17/11/2023		0,4			1,4			0,3	4	0,2	15	26	10		49	21
18/11/2023		0,3	0,56	0,01	0,5		0,08	0,3	6	0,2	11	27	13	0,35	43	23
19/11/2023		0,1			0,2			0,2	4	0,1	3	14	9		18	28
20/11/2023		0,3	0,42	0,01	0,4		0,07	0,3	3	0,1	13	26	14	0,21	46	28
21/11/2023		0,2			1	0,04		0,1	3	0,1	3	6	11		11	44
22/11/2023		0,1	0,14	0,01	0,1		0,01	0,1	4	0,1	2	3	3	1,4	6	55
23/11/2023		0,3	0,42	0,01	0,5		0,08	0,3	5	0,1	13	29	10	0,27	49	30
24/11/2023		0,6	0,7	0,01	2,7		0,13	0,4	9	0,2	19	39	20	0,4	67	23
25/11/2023		0,2			0,4	0,08		0,2	5	0,1	6	22	16		32	28
26/11/2023		0,3	0,28	0,01	0,4		0,14	0,3	4	0,1	7	24	15	1,66	34	21
27/11/2023		2,4			10,4			0,5	5	0,5	26	37	32		77	12
28/11/2023		2,6	0,42	0,01	14,9		0,1	0,4	5	0,7	14	34	12	0,68	56	15
29/11/2023		0,3			3,1			0,3	4	0,3	12	26			44	21
30/11/2023			0,41	0,01			0,03		3	0,1	3	14	9	0,4	18	35
01/12/2023		0,1			0,2			0,1	3	0,1	2	8	5		12	50
02/12/2023		0,1	0,14	0,01	0,1		0,03	0,1	3	0,1	2	10	5	0,26	14	46
03/12/2023		0,1			0,2			0,2	4	0,1	3	16	10		21	35
04/12/2023		0,3	0,7	0,01	3,9		0,67	0,3	5	0,3	11	29	16	0,68	46	19
05/12/2023		0,2			0,2			0,3	5	0,2	13	29	11		50	30
06/12/2023		0,1			0,2			0,2	4	0,1	5	23	12		31	29
07/12/2023		0,2			0,3	0,11		0,4	6	0,2	22	30	16		64	18
08/12/2023		0,1			0,1			0,1	4	0,1	2	10	6		13	42
09/12/2023		0,1			0,2			0,2	7	0,1	8	22	11		34	33
10/12/2023		0,1	0,28	0,01	0,2		0,06	0,2	6	0,1	5	19	7	0,91	27	26
11/12/2023		0,8			6,1			0,6	6	0,5	24	30	13		68	10
12/12/2023		0,5	0,84	0,01	3,1		0,13	0,6	5	0,3	27	39	15	0,77	80	6
13/12/2023		0,1			0,4			0,2	4	0,2	6	25	7		34	26
14/12/2023		0,1	0,14	0,01	0,2		0,01	0,1	3	0,1	2	4	4	0,35	7	51
15/12/2023		0,2			0,3	0,11		0,3	4	0,1	10	28	7		43	32
16/12/2023		0,1	0,42	0,01	0,2		0,14	0,3	4	0,1	7	26	7	0,21	36	29
17/12/2023		0,1	0,28	0,01	0,2		0,25	0,3	4	0,1	3	19	8	0,35	25	29
18/12/2023		0,3	0,56	0,01	1,5		0,41	0,4	6	0,2	18	32	14	1,2	59	23
19/12/2023		0,4			0,5			0,6	4	0,2	25	42	22		80	16
20/12/2023		0,3	0,42	0,01	1,4		0,07	0,3	4	0,2	9	20	16	0,98	33	36
21/12/2023		0,2			1,2			0,2	3	0,2	4	18	5		25	44
22/12/2023		0,1	0,28	0,01	0,3		0,04	0,2	3	0,1	3	13	5	0,56	18	49
23/12/2023		0,2			0,2	0,14		0,3	3	0,1	7	21	5		32	41
24/12/2023		0,2	0,14	0,01	0,3		0,06	0,5	3	0,1	11	24	13	0,56	41	31
25/12/2023		0,2			0,4			0,5	4	0,1	10	26	14		42	22
26/12/2023		0,2	0,14	0,01	0,3		0,08	0,5	4	0,1	19	31	13	0,39	60	19
27/12/2023		0,2			0,3			0,5	4	0,1	12	31	15		48	23
28/12/2023		0,3	0,28	0,01	0,8		0,06	0,5	3	0,1	11	30	17	1,1	47	25
29/12/2023		0,2			0,8			0,5	3	0,2	8	29	19		41	18
30/12/2023		0,3	0,28	0,01	0,4		0,07	0,6	3	0,2	11	26	15	0,81	43	23
31/12/2023		0,1			0,2			0,4	3	0,1	4	21	10		27	30
