Red: Red de Vigilancia y Control de la Contaminación AtmosféricaEstación: 12040020-Castelló CEIP La Marina
	
FECHA	PM2.5	PM1	C8H10	NH3	H2S	Veloc.	Direc.	Temp.	H.Rel.	Pres.	R.Sol.	Precip.	C7H8	C6H6	SO2	NO	NO2	PM10	NOx	O3	Veloc.máx.
	µg/m³	µg/m³	µg/m³	µg/m³N	µg/m³N	m/s	grados	°C	% H.R.	mb	W/m²	l/m²	µg/m³	µg/m³	µg/m³	µg/m³	µg/m³	µg/m³	µg/m³	µg/m³	m/s
01/01/2023	8	7		7	3	0,8	343	10,7	97	1023	84	0			3	6	20	10	29	16	3,4
02/01/2023	7	5		6	0	0,5	287	11,7	96	1021	61	0,2			3	17	27	11	53	11	2,2
03/01/2023	6	5		7	3	0,6	272	13,1	91	1024	85	0			3	20	26	10	57	14	2,6
04/01/2023	4	3		5	2	0,9	245	11,3	90	1030	105	0			2	14	22	6	44	16	3,1
05/01/2023	6	5		5	0	0,9	256	10,6	90	1024	108	0			3	10	24	8	39	16	3,3
06/01/2023	6	5		6	1	0,7	334	10	94	1020	103	0,2			4	8	20	7	32	18	2,7
07/01/2023	7	7		6	1	0,9	290	9,5	94	1016	107	0,2			3	7	20	8	30	19	3,5
08/01/2023	2	2		7	2	4	212	17,7	74	1007	66	0			6	1	14	3	15	35	13,6
09/01/2023	2	2		6	1	1,7	245	16	68	1015	110	0			3	4	23	5	30	34	6,3
10/01/2023	6	4		4	1	1	342	11,6	75	1023	113	0			2	15	28	10	50	26	3,9
11/01/2023	4	3		5	1	0,8	266	12,3	74	1023	107	0			4	19	28	9	57	17	3,5
12/01/2023	4	2		4	1	1,5	244	11,8	68	1025	117	0			4	10	33	10	47	23	5,2
13/01/2023	6	4		5	2	0,9	259	10,2	80	1022	86	0			4	28	35	12	77	11	3,9
14/01/2023	5	4		5	1	0,9	248	10,6	79	1024	117	0			6	14	29	8	50	17	3,6
15/01/2023	4	3		5	0	1	294	10,4	78	1018	97	0			3	6	20	6	28	23	4,4
16/01/2023	2	1		7	1	4,6	209	13,9	51	1009	63	0			7	1	14	5	16	45	16,2
17/01/2023	1	1		7	0	5,1	240	16,1	44	1000	112	0			3	1	9	3	9	61	18,5
18/01/2023	1	1		1	0	2	279	11,5	32	1004	116	0			2	2	6	3	8	59	9,5
19/01/2023	1	1		2	1	4,1	235	11,5	41	1008	124	0			3	1	4	2	6	54	13,9
20/01/2023	1	1		3	0	1,5	336	14	43	1010	124	0			3	2	10	4	12	49	6,7
21/01/2023	1	1		1	1	1,4	309	8,7	44	1014	132	0			2	2	7	3	8	46	7,7
22/01/2023	1	1		1	0	1,9	274	9	32	1017	127	0			4	1	3	2	4	60	9
23/01/2023	1	1		1	0	1,2	324	8,3	42	1019	109	0			2	2	4	3	7	53	6
24/01/2023	2	2		2	0	1,4	322	7,6	51	1021	139	0			1	2	6	5	9	43	6,2
25/01/2023	2	2		2	0	1,4	322	10,5	47	1019	91	0			3	4	8	5	14	47	7,4
26/01/2023	3	2		2	1	1,3	237	8,6	62	1011	131	0			4	13	27	6	46	30	5,1
27/01/2023	3	2		1	0	1,2	241	7,4	60	1009	132	0			8	11	33	8	50	28	4,6
28/01/2023	3	2		2	0	1,5	306	7,8	56	1011	136	0			8	2	17	5	19	39	5,5
29/01/2023	2	2		2	1	0,7	332	7,6	57	1019	54	0			3	1	8	3	9	41	3,7
30/01/2023	6	5		2	1	1,3	254	6,4	74	1024	141	0			4	13	36	11	56	22	4,8
31/01/2023						0,9	12					0									3,4
01/02/2023												0									
02/02/2023	5	3	0,1	6	1	1,3	275	9,2	84	1026	145	0	0,6	0,3	4	10	37	10	53	23	4,6
03/02/2023	5	4	0,4	6	1	1,5	226	9,2	80	1029	147	0	2,6	1,1	4	16	46	11	71	22	5,1
04/02/2023	6	4	0,5	5	2	0,8	290	9,9	65	1026	151	0	3,3	1,8	10	13	43	10	63	19	3,2
05/02/2023	6	5	0,5	5	3	1	292	9,5	72	1025	150	0	3,7	2,2	9	13	36	9	55	21	3,9
06/02/2023	3	2	0,2	6	1	1,1	326	7,3	95	1019	21	7,4	2	1	2	8	23	5	35	29	5,9
07/02/2023	2	1	0,1	6	1	1,4	350	10,6	71	1016	78	0,2	0,8	0,6	1	1	11	5	12	48	7,1
08/02/2023	2	1	0	7	1	2	353	10,1	97	1019	35	25,2	0,8	0,5	2	1	8	5	8	55	10,1
09/02/2023	2	2	0,1	4	1	1,7	356	9,7	84	1026	150	1,4	1,1	0,7	3	1	9	5	10	53	7,7
10/02/2023	4	3	0,8	2	2	1	284	7,7	83	1031	157	0	3,9	1,5	2	14	25	7	46	27	3,5
11/02/2023	4	3	0,8	4	0	1,1	305	8,2	82	1030	147	0	2,3	1,2	2	5	24	6	31	34	4
12/02/2023	4	3	0,9	4	0	1,1	281	8,7	84	1029	147	0	2,3	1,1	2	3	24	5	27	35	4,2
13/02/2023	5	4	1	4	1	1,1	251	9,1	84	1030	162	0	3	1,4	1	11	30	9	46	32	4,1
14/02/2023	5	4	1,1	6	2	0,8	343	10,8	88	1028	82	0	2,7	1,1	1	4	28	8	34	35	3,4
15/02/2023	4	4	1,2	6	1	0,8	79	10,5	92	1024	148	0	4	1,2	1	12	29	6	46	30	2,8
16/02/2023	6	5	1,2	7	1	0,9	221	9,7	95	1027	104	0	3,7	1,4	1	14	29	9	51	23	3,2
17/02/2023	6	5	1,9	6	1	1	235	9,6	86	1026	176	0	3,9	1,4	1	16	35	10	59	21	3,5
18/02/2023	6	5	1,4	5	1	1	233	10,2	77	1026	164	0	3,9	1,3	1	9	38	10	51	26	3,7
19/02/2023	7	7	1,5	8	1	0,8	208	10,7	91	1023	158	0	6	2	1	5	29	10	36	29	3,1
20/02/2023	11	10	1,7	9	3	0,7	328	11,1	93	1017	160	0	10,8	2,8	1	21	38	17	70	19	2,7
21/02/2023	8	7	1,6	8	2	0,7	297	11,1	90	1011	93	0	6,6	1,6	1	15	39	12	63	16	3,1
22/02/2023	8	7	1,2	9	1	1,2	30	11,7	97	1009	154	0	4	1	1	4	24	13	29	34	4,4
23/02/2023	9	6	0,8	10	2	1	328	12,4	97	1003	75	0	2,3	0,8	1	5	23	15	30	35	3,6
24/02/2023	3	2	0,9	3	3	1,5	244	9,9	62	1000	156	0	1,9	0,8	2	4	22	5	28	35	5
25/02/2023	3	2	0,7	5	3	1,4	239	10,3	69	998	176	0	1,6	0,7	8	3	23	6	28	30	4,8
26/02/2023	2	1	0,5	3	3	1,7	241	10,2	52	997	130	0	0,9	0,6	5	1	11	4	12	49	6,9
27/02/2023	1	1	0,5	1	3	2	297	7	33	1005	156	0	0,5	0,4	1	1	2	3	3	62	10,5
28/02/2023	1	1	0,4	2	3	1,8	298	10,3	39	1012	192	0,2	0,6	0,4	2	1	2	3	3	61	9,1
01/03/2023	2	2	0,6	2	2	1,4	305	7,3	52	1011	197	0	1,4	0,7	2	2	9	5	10	53	5,5
02/03/2023	4	3	1	3	3	1,3	309	9,7	49	1011	187	0	1,9	0,7	3	1	8	7	9	59	6,2
03/03/2023	4	3	0,8	2	4	1,2	201	9,6	61	1011	202	0	2,3	0,9	4	4	23	8	28	41	4,8
04/03/2023	5	4	0,7	3	3	1,3	243	9,3	73	1012	207	0	1,9	0,8	8	3	22	7	25	38	4,4
05/03/2023	5	4	0,4	4	3	1,3	290	10,1	85	1008	185	0	1,6	0,6	5	2	23	7	26	41	4,6
06/03/2023	3	2	0,5	5	3	1,4	222	13,8	65	1001	118	0	1,5	0,5	5	3	25	9	30	38	5,4
07/03/2023	2	1	0,7	5	3	2,8	239	16,1	59	1001	194	0	2	0,4	10	4	21	7	26	40	9,4
08/03/2023	2	1	0,4	5	2	3,2	244	20,6	48	1002	160	0	1,1	0,2	6	2	12	6	15	41	10,8
09/03/2023	2	1	0,6	6	2	2,6	235	19,7	53	1004	108	0	2	0,2	6	3	15	8	18	39	9,7
10/03/2023	1	1	0,4	4	2	3,1	251	21,5	40	1010	214	0	1	0,2	4	1	11	3	12	55	10,7
11/03/2023	2	1	0,5	5	3	2,8	228	22,7	43	1009	209	0	2,2	0,3	4	1	7	9	8	49	9,9
12/03/2023	3	2	0,9	5	3	1,4	141	19,9	62	1012	220	0	2,2	0,3	3	2	12	5	14	30	5
13/03/2023	2	2	0,4	7	2	2	61	18	79	1008	195	0	1,8	0,2	1	2	9	4	11	42	7,4
14/03/2023	1	1	0,7	3	3	1,7	224	17,6	42	1009	226	0	3,2	0,5	2	2	12	5	15	58	6,6
15/03/2023	2	1	0,9	4	4	1	116	14,2	68	1011	227	0	4,9	0,5	2	8	18	7	29	42	3,9
16/03/2023	3	2	0,5	5	4	1,3	14	13,1	94	1008	228	0	2,3	0,3	1	5	12	5	19	49	4,7
17/03/2023	3	2	0,5	5	4	1,1	58	13,5	94	1007	186	0	1,7	0,3	1	4	13	6	18	44	4,1
18/03/2023	4	3	0,5	5	5	1,2	60	13,7	96	1008	180	0	2,3	0,5	1	1	12	7	13	40	4,5
19/03/2023	2	1	0,3	3	3	1,4	182	15,1	76	1015	236	0	1,1	0,3	1	1	10	3	11	46	5,6
20/03/2023	3	2	0,5	4	4	1,2	164	14,1	83	1015	227	0	2,2	0,4	2	5	17	7	25	33	4,3
21/03/2023	3	2	0,2	4	3	1,3	21	13,9	95	1011	200	0	1,3	0,3	1	2	7	6	8	53	5,3
22/03/2023	4	4	0,2	5	4	1	45	14,2	92	1012	227	0	2	0,3	1	2	10	7	12	50	3,8
23/03/2023	6	5	0,3	6	4	1,5	27	15,2	96	1010	235	0	2,3	0,2	1	3	11	9	14	57	5,5
24/03/2023	6	5	0,7	6	3	0,9	58	14,4	96	1011	103	0	2,4	0,5	1	7	23	11	34	35	3,5
25/03/2023	3	2	0,4	5	3	1,5	22	15,5	92	1014	242	0	1,3	0,3	2	1	12	6	13	49	5,4
26/03/2023	7	6	0,5	5	4	1,8	13	17,9	68	1010	241	0	1,7	0,4	1	3	12	10	16	42	7,1
27/03/2023	2	1	0,3	2	3	1,7	231	16,2	51	1018	256	0	0,8	0,1	1	1	7	7	8	63	6,8
28/03/2023	4	2	0,4	3	4	1,3	193	13,9	82	1019	235	0	2,1	0,4	2	9	17	11	30	44	4,8
29/03/2023	3	2	0,3	4	4	1,2	200	15	88	1019	249	0	1,5	0,2	1	7	9	7	20	48	4,5
30/03/2023	3	2	0,3	5	4	1,7	25	15,1	95	1013	180	0	2,6	0,2	1	6	9	7	17	54	6
31/03/2023	3	2	0,2	4	3	2	264	21,4	55	1012	129	0	1,7	0,2	1	2	11	9	13	49	7,7
01/04/2023	4	3	0,4	4	3	2,3	113	17,5	62	1012	213	0	1,7	0,2	1	1	4	11	5	66	9,3
02/04/2023	1	1	0,1	1	2	2,4	295	18,1	35	1012	265	0	0,3	0	1	1	1	2	2	71	11,9
03/04/2023	1	1	0,1	2	2	2	213	15,2	55	1010	276	0	0,5	0,1	1	1	5	5	6	66	7,7
04/04/2023	2	1	0,2	3	4	1,5	71	13,7	75	1009	285	0	1,2	0,1	1	4	18	5	24		5,3
05/04/2023	2	1	0,1	3	3	1,7	199	14,2	83	1015	274	0	1,1	0,1	2	6	21	5	29		5,8
06/04/2023	3	2	0,2	4	4	1,3	136	14	85	1016	272	0	1,6	0,3	1	6	23	5	33		4,7
07/04/2023	3	2	0,2	3	3	1,4	159	14,1	80	1014	277	0	1	0,1	2	6	28	6	36		4,8
08/04/2023	2	2	0,1	4	4	2,5	16	14,8	92	1013	273	0	1	0,2	1	3	15	6	18		9,2
09/04/2023	2	2	0,1	4	3	1,4	107	16,1	93	1016	267	0	0,6	0,1	1	1	10	4	11		4,5
10/04/2023	3	3	0,1	4	4	1,2	32	16	95	1018	231	0	0,9	0,1	1	1	12	5	13		4,6
11/04/2023	3	3	0,1	4	4	1,2	145	16,5	93	1016	249	0	1,4	0,1	1	2	16	5	19		4
12/04/2023	4	3	0,7	5	4	2	10	16,7	85	1003	244	0	1,1	0,1	1	5	20	8	28	54	7,7
13/04/2023	1	1	1,2	2	3	2	106	16,2	54	1010	289	0	0,7	0,1	1	1	11	5	13	74	7,9
14/04/2023	3	2	0,2	3	4	1,4	346	17,1	67	1010	215	0	1,6	0,2	1	6	24	9	33	55	5,7
15/04/2023	2	1	0,1	3	3	1,5	315	19,2	52	1010	178	0	0,4	0,1	1	3	15	5	19	68	6,5
16/04/2023	1	1	0	2	3	2	248	17,1	48	1015	301	0	0,3	0	1	1	8	4	9	80	8,5
17/04/2023	2	1	0	3	3	1,8	30	15	75	1013	294	0	0,6	0,1	1	3	19	6	22	65	6,6
18/04/2023	2	1	0	4	4	1,6	69	16,3	85	1013	294	0,8	0,5	0	1	5	14	4	21	67	5,3
19/04/2023	2	2	0,1	4	2	1,5	161	15,6	80	1013	293	0	0,9	0,1	1	8	29	5	42	58	4,8
20/04/2023	3	2	1	4	4	1,7	55	16,6	80	1004	292	0	1,5	0,1	1	6	22	6	30	71	5,8
21/04/2023	3	2	0	4	2	2,6	47				357	0	0,1	0	1			7			9,4
22/04/2023	4	2	0	4	3	1,9	41	17,6	97	1006	223	3	0,2	0	1	1	8	6	9	85	7,2
23/04/2023	5	4	0	7	5	1,3	45	18,4	94	1012	292	0,2	0,7	0	1	2	21	7	23	57	4,7
24/04/2023	3	2	0,3	5	3	1,5	134	19	82	1014	298	0	1,3	0,1	1	3	21	5	25	63	5,3
25/04/2023	3	2	0,7	5	5	1,5	50	19,7	75	1012	297	0	1,9	0,1	2	8	34	7	45	52	5,5
26/04/2023	3	2	0,1	5	3	2,3	44	19	95	1015	307	0	0,4	0	1	2	9	5	10	77	8,2
27/04/2023	3	2	0,1	5	6	1,2	51	18,7	96	1016	261	0	1	0,1	1	4	16	4	21	52	4,2
28/04/2023	2	1	0,1	4	2	1,4	39	19,4	95	1014	253	0	0,6	0	1	3	14	4	18	61	5,1
29/04/2023	3	2	0,7	5	3	2,1	42	19,7	95	1011	172	6	1,1	0,1	1	1	10	5	11	63	7,8
30/04/2023	3	2	0,1	7	2	1,2	163	20,6	83	1015	296	0,2	0,8	0,1	1	3	21	5	25	52	4,5
01/05/2023	2	1	0,2	7	3	1,5	189	19,9	90	1012	327	0	1,3	0,1	1	2	14	3	16	51	5,3
02/05/2023	2	2	1,1	5	4	1,4	113	18,6	79	1012	318	0	2,3	0,2	1	5	22	5	24	53	4,8
03/05/2023	3	2	0,6	5	4	1,5	182	19	81	1015	280	0	3,9	0,1	1	8	22	8	34	53	5,6
04/05/2023	2	1	0	5	3	1,7	51	19,4	90	1018	301	0	0,6	0,1	1	6	17	4	25	66	5,3
05/05/2023	3	2	0	4	5	1,7	40	19,5	94	1016	311	0	0,8	0,1	1	3	14	6	18	69	6
06/05/2023	2	2	0,1	4	6	1,2	65	19,5	89	1014	300	0	1,2	0,1	1	2	13	4	15	54	4,3
07/05/2023	2	1	0	4	6	2	21	19,8	96	1018	156	0	0,5	0	1	1	7	3	8	68	7,3
08/05/2023	3	2	0,1	5	4	1,5	188	20,2	88	1021	294	0	0,8	0	1	5	15	5	22	56	5,1
09/05/2023	3	2	0,1	5	3	1,6	31	21	80	1018	267	0	2	0	2	7	25	7	34	58	6,3
10/05/2023	1	1	0,4	2	3	2	43	21	57	1020	324	0	0,4	0,1	1	1	5	4	7	68	8
11/05/2023	1	1	0	2	4	1,6	356	19,6	53	1018	273	0	0,3	0	1	1	5	3	6	74	5,9
12/05/2023	1	1	0,2	2	4	1,8	200	18,1	54	1017	294	0	0,6	0	1	2	10	3	13	63	6,6
13/05/2023	1	1	0	2	3	1,8	257	17,2	68	1020	273	0,8	0,2	0	1	1	9	2	10	61	6,8
14/05/2023	1	1	0	4	2	2,1	207	18,4	66	1015	336	0,6	0,2	0	1	2	12	3	14	60	7,8
15/05/2023	2	2	0,2	3	2	2,4	222	19,5	51	1011	290	0	0,3	0	1	1	9	5	10	84	9,1
16/05/2023	1	1	0,9	2	2	2,7	283	20,5	44	1010	329	0	0,7	0,1	1	1	2	4	4	85	11,9
17/05/2023	2	1	0,8	3	4	1,8	166	18,5	57	1013	342	0	1,1	0,2	1	2	10	4	12	76	6,2
18/05/2023	2	1	0,2	4	3	2,1	118	18,5	69	1014	282	0	0,4	0	2	2	10	5	12	74	7,3
19/05/2023	2	1	0,1	3	2	1,5	109	18,4	65	1013	259	0	0,4	0,1	1	3	9	4	12	80	5,6
20/05/2023	2	2	0	3	3	1,7	216	18,6	63	1011	316	0	0,5	0	1	1	11	4	13	77	5,8
21/05/2023	2	1	0	4	4	1,8	73	19,1	80	1010	326	0	0,6	0	2	2	8	4	9	85	6,3
22/05/2023	2	1	0	4	3	1,8	32	19,3	85	1010	116	0	0,2	0	1	1	6	5	8	82	7,8
23/05/2023	3	2	0	4	3	2,8	26	20,3	82	1011	204	0	0,1	0	1	1	6	7	7	100	10,8
24/05/2023	4	4	0,2	6	4	1,6	37	20,3	86	1011	267	3,4	0,6	0,1	1	2	15	8	17	73	6,1
25/05/2023	3	2	0	6	3	2,1	27	19,2	90	1013	117	68,6	0,7	0	1	4	22	6	28	60	7,9
26/05/2023	2	2	0	11	3	1,5	5	18,4	97	1017	86	76	0,6	0,1	1	1	13	4	15	58	6,5
27/05/2023	4	3	0,1	8	4	1	24	19,8	86	1016	221	0	1,5	0,1	1	4	24	8	30	37	3,6
28/05/2023	4	3	0,5	9	2	1	213	19,4	95	1013	125	3,4	3,5	0,3	1	1	23	8	24	56	3,8
29/05/2023	4	2	0,1	9	3	1,3	64	20,6	94	1012	291	0,4	0,8	0	1	3	20	7	24	61	4,4
30/05/2023	3	2	0,3	6	4	1,3	82	20,4	93	1015	262	0	1,1	0,1	1	2	14	7	16	62	4,6
31/05/2023	5	3	0,4	8	4	1,4	55	21,3	87	1014	300	0	3,6	0,3	2	6	28	10	36	74	4,7
01/06/2023	4	3	0	6	5	1,9	6	20,4	97	1015	250	0	0,5	0	1	3	13	7	16	73	6,9
02/06/2023	3	2	0,3	5	7	1,4	132	20,9	92	1014	333	0	0,9	0	1	4	14	5	20	62	4,9
03/06/2023	3	3	0	5	4	1,4	80	21,4	93	1014	296	0	0,8	0,1	1	2	12	5	14	59	4,6
04/06/2023	2	2	0,1	4	5	1	53	21,4	93	1018	210	1,6	0,8	0,1	1	1	8	3	9	59	3,9
05/06/2023	2	2	0,5	5	4	1,6	131	21,8	91	1015	320	0	0,7	0	1	3	11	4	15	63	5,4
06/06/2023	2	1	0,2	5	6	1,4	68	22,1	83	1014	302	0	0,7	0	1	3	11	3	14	57	4,7
07/06/2023	2	1	1,6	5	4	0,8	180	21,5		1015	100	0	0,7	0	1	8	18	5	29	42	3
08/06/2023	3	2	0,1	5	6	1,2	98	22,4		1011	264	0	1	0,1	1	5	12	6	20	50	4,3
09/06/2023	5	2	0,3	5	3	2,4	183	24,1		1011	341	0	1	0,1	1	4	15	16	20	52	9,5
10/06/2023	3	2	0,3	5	4	1,4	63	24,1		1015	285	0	0,6	0	1	2	11	6	12	58	4,8
11/06/2023	2	1	0	5	2	1,8	28	23,4		1015	270	1,8	0,1	0	1	1	9	4	10	56	6,4
12/06/2023	2	1	0,8	5	2	1,5	92	23,1		1014	280	0	0,6	0	1	3	12	5	15	56	5,1
13/06/2023	2	1	0,3	4	2	1,9	214	22,6		1010	239	5,8	0,5	0	1	2	17	4	19	65	6,9
14/06/2023	2	1	0,1	6	2	1,7	187	23,7		1014	346	0	0,5	0	1	6	23	5	31	58	6
15/06/2023	3	2	0,2	6	6	1,5	151	24,4		1020	340	0	0,7	0	1	4	23	6	27	60	5
16/06/2023	3	2	0,2	5	4	1,6	81	25,1		1018	327	0	2,7	0,5	1	2	17	8	19	74	5,6
17/06/2023	3	2	0	5	6	1,4	66	25,6	67	1014	340	0	0,5	0	1	1	12	5	13	82	4,8
18/06/2023	3	3	0	5	7	0,9	344	23,8	67	1013	129	0,4	0,6	0	2	1	17	6	19	67	3,9
19/06/2023	4	2	0	6	6	2,1	1	24,1	66	1011	266	0	1,8	0	1	2	18	8	21	77	8,4
20/06/2023	4	3	0,1	6	4	1,4	78	25,2	73	1011	296	0	1,7	0,1	1	3	18	9	21	74	5,3
21/06/2023	4	3	0	5	4	2,2	37	25,3	78	1013	268	0,6	1,2	0	1	1	8	11	9	76	8,1
22/06/2023	2	1	0	6	5	1,3	112	25,7	71	1019	344	0	0,5	0	3	3	17	5	20	60	4,6
23/06/2023	2	1	0,2	5	3	2	165	26,4	69	1023	337	0	0,7	0	2	2	13	4	16	69	6,8
24/06/2023	3	2	0,1	4	3	1,4	123	26,3	68	1018	341	0	0,7	0,1	1	2	20	5	22	59	4,6
25/06/2023	2	2	0,1	4	5	1,7	70	26,6	75	1017	328	0	0,5	0	1	1	7	4	9	70	5,7
26/06/2023	2	1		4	3	1,9	53	27,2	74	1019	291	0			1	1	7	7	8	77	7,1
27/06/2023	3	2		4	5	1,9	34	26,5	76	1019	317	0			1	2	8	5	10		7,1
28/06/2023	3	2	0	5	3	1,6	24	26,5	79	1016	259	0	0,4	0	1	2	9	5	11		5,9
29/06/2023	4	3	0	5	6	1,7	35	26,7	76	1015	303	0	0,4	0	2	2	8	6	10	55	6,2
30/06/2023	2	1	0	4	3	1,9	21	26,3	53	1017	334	0	0,2	0	1	1	5	5	7	60	7,6
01/07/2023	2	2	0	4	3	1,6	143	25	65	1017	327	0	0,4	0	2	3	13	4	16	49	5,5
02/07/2023	2	2	0,2	5	4	1,7	146	26,5	71	1017	339	0	0,5	0	1	2	11	5	14	49	5,8
03/07/2023	2	1	0	4	4	1,8	50	25,8	79	1019	186	1,4	0,2	0	3	1	9	5	9	47	6,4
04/07/2023	2	2	0	6	4	1,7	65	26,1	79	1018	217	0	0,7	0	2	2	10	4	11	41	5,9
05/07/2023	2	1	0	5	4	2	35	26,3	76	1018	288	0	0,7	0	1	2	9	4	11	47	7,6
06/07/2023	2	1	0	6	5	1,7	37	26,9	77	1015	284	0	0,2	0	2	2	8	4	10	46	6,3
07/07/2023	2	1	0,9	4	6	2,2	27	25,9	79	1015	198	0	0,3	0,1	1	1	11	6	13	54	8
08/07/2023	3	2	0,1	4	6	1,4	68	26,5	75	1014	328	0	0,5	0	1	2	13	6	15	49	4,8
09/07/2023	3	2	0	5	6	1,4	64	26,9	78	1015	311	0	0,3	0	1	1	7	6	8	51	4,8
10/07/2023	4	2	0	4	4	1,8	46	27,1	82	1014	311	0	0,3	0	1	2	6	10	8	53	6,7
11/07/2023	6	3	1,1	5	4	1,7	107	27,8	82	1012	273	9,8	1,1	0,1	1	2	8	14	10	47	6,4
12/07/2023	5	2	0	7	4	2,9	47	27,7	83	1009	283	0	0,3	0	1	2	8	12	10	44	10,2
13/07/2023	3	2	0,1	5	3	1,7	70	27,9	77	1014	315	0	0,4	0	1	1	7	7	8	47	6,5
14/07/2023	3	1	0,1	4	3	1,7	141	28	76	1012	332	0	0,4	0	1	2	10	6	13	46	6,1
15/07/2023	4	2	0	4	3	1,8	66	28,6	77	1008	305	0	0,2	0	1	1	3	8	4	63	6,5
16/07/2023	3	1	0	4	3	2,4	40	27,9	75	1011	219	0	0	0	1	1	2	7	3	58	9,4
17/07/2023	3	2	0	4	4	1,7	51	28,2	80	1013	294	0	0,2	0	2	1	5	7	6	50	6,4
18/07/2023	5	4	0,8	5	4	1,4	101	28,3	80	1012	303	0	0,5	0	1	1	6	9	8	47	4,9
19/07/2023	5	3	0,1	5	4	1,6	56	29,2	80	1011	292	0	0,4	0	1	1	6	10	7	52	6,2
20/07/2023	4	2	0	4	3	2,5	42	28,8	81	1009	284	1	0,1	0	1	1	3	9	4	64	9,2
21/07/2023	3	2	0	5	5	2,1	26	28,8	71	1009	328	0	0,2	0	1	2	7	8	9	51	8,1
22/07/2023	3	1	0	4	3	2,7	37	28,3	70	1015	311	0	0	0	1	1	2	6	3	65	10,1
23/07/2023	3	2	0	3	3	1,5	84	28,8	80	1013	248	0	0,6	0,1	1	1	3	8	3	50	5,4
24/07/2023	4	2	0,1	4	5	2	42	28,7	81	1007	215	0	12,7	0	1	2	6	9	8	48	7,7
25/07/2023	1	1	0	3	5	1,7	47	27,7	50	1011	314	0	3,5	0	1	1	4	4	5	52	6,4
26/07/2023	2	1	0,1	3	3	1,5	93	26,4	55	1016	315	0	1,3	0,1	3	3	11	5	14	46	5,4
27/07/2023	2	1	0,2	4	8	1,6	119	28,2	70	1014	242	0	0,8	0,1	3	2	8	7	11	48	6,5
28/07/2023	2	1	0	4	5	1,6	79	28,2	76	1012	320	0	0,5	0	1	2	7	5	8	47	5,7
29/07/2023	2	1	0	4	8	1,4	96	28,2	78	1013	291	0	0,7	0,1	1	2	7	4	10	41	4,6
30/07/2023	2	1	0	4	4	1,8	44	28,3	78	1016	287	0	0,2	0	1	1	3	4	4	46	6,6
31/07/2023	2	1	0,1	4	4	1,4	154	28,9	77	1015	259	0,2	0,3	0	1	2	6	5	8	43	4,7
01/08/2023	3	2	0	5	7	1,5	97	29,3	76	1011	317	0	0,3	0	1	2	7	6	10	42	5,3
02/08/2023	3	2	0	5	2	2	65	28,9	81	1008	310	0	0,4	0	2	2	7	7	9	61	7,3
03/08/2023	2	1	0,1	3	4	2,5	39	28,2	61	1010	236	0	3,9	0	1	1	4	8	5	52	10,2
04/08/2023	1	1	0,1	1	3	2,1	300	26,9	38	1016	333	0	0,1	0	1	1	3	6	4	51	10,1
05/08/2023	1	1	0	2	3	1,8	208	25	48	1017	331	0	0,3	0	1	1	9	3	10	58	6,6
06/08/2023	2	1	0	3	4	1,7	152	26,2	54	1016	322	0	0,7	0,1	2	2	14	4	17	40	5,6
07/08/2023	3	2	0,1	4	5	2,2	74	26,1	64	1018	236	0	0,5	0	1	2	6	6	7	61	8
08/08/2023	2	1	0,1	3	2	2,1	155	26,9	73	1017	114	0	0,7	0	2	1	2	6	3	70	7,7
09/08/2023	2	1	0,5	7	6	1,5	182	26,9	76	1017	273	0	4,4	0	1	3	8	4	12	52	5,5
10/08/2023	3	1	0	5	3	2,7	50	28,6	77	1015	282	0	0,4	0	2	1	9	7	10	62	10,1
11/08/2023	2	2	0	5	5	1,5	91	28,3	75	1019	304	0	0,4	0	2	2	8	5	10		5,3
12/08/2023	3	2	0	5	5	1,4	93	27,7	77	1018	295	0	0,6	0	1	2	9	6	11		4,6
13/08/2023	3	2	0	5	5	1,5	109	27,8	75	1016	293	0	0,4	0	1	1	7	7	8		5
14/08/2023	2	1	0	5	7	1,4	44	27,9	76	1014	296	0	0,6	0	1	2	7	5	9		5
15/08/2023	2	1	0	5	5	1,7	27	27,9	75	1014	291	0	0,4	0	1	1	6	5	8		6,2
16/08/2023	2	1	0	4	10	1,7	14	28,2	73	1014	258	0	0,1	0	1	1	6	5	7		6,5
17/08/2023	3	2	0	5	5	1,7	25	27,8	77	1013	282	0	0,3	0	1	1	6	6	7		6,5
18/08/2023	3	2	0	6	6	1,3	83	28,2	79	1012	257	0	0,6	0	1	2	8	6	10		4,2
19/08/2023	4	3	0	6	4	1,3	60	28,5	79	1016	290	0	0,2	0	1	1	5	6	6		4,9
20/08/2023	3	2	0	5	5	1,2	106	28,6	79	1018	286	0	0,4	0	2	1	6	5	7		4,1
21/08/2023	4	3	0	5	3	1,3	168	28,6	76	1018	291	0	0,7	0,1	1	4	10	7	15		4,3
22/08/2023	3	2	0,2	5	5	1,1	143	28,8	69	1017	288	0	1,2	0,1	1	3	13	8	17		3,7
23/08/2023	4	2	0	5	3	1,3	189	29,9	57	1014	287	0	0,7	0	1	2	17	11	20	56	4,8
24/08/2023	3	2	0,2	5	4	1,6	185	29,6	58	1013	289	0	0,7	0	1	2	14	7	16	78	5
25/08/2023	4	3	0	6	8	1,5	49	28,7	73	1011	274	0	0,4	0	1	2	13	9	16	72	5,5
26/08/2023	4	3	0	5	6	1,8	337	26,9	81	1010	203	14	0,2	0	1	1	6	8	7	64	7,3
27/08/2023	2	1	0	6	4	2	302	24,8	51	1009	239	2	0,1	0	1	1	5	4	6		10,4
28/08/2023	1	1	0,1	4	3	2,1	204	25,5	43	1013	287	0	1	0,1	1	1	5	3	7		8
29/08/2023	1	1	0	4	5	1,5	180	25,2	49	1011	272	0	0,5	0	3	3	10	2	14		5,6
30/08/2023	1	1	0	4	4	1,5	224	24,3	55	1011	262	0	0,7	0	1	2	11	2	12	53	5,4
31/08/2023	1	1	0	4	5	1,5	132	25	63	1015	281	0	0,5	0	1	2	13	3	16	59	5,4
01/09/2023	1	1	0,2	5	8	1,3	95	26	74	1015	242	0	0,4	0	1	2	8	3	10	65	5
02/09/2023	1	1	0	5	5	1,3	320	22,9	79	1013	94	20,8	0,2	0	1	2	8	3	10	53	7
03/09/2023	3	2	0	5	4	2,9	349	23,9	85	1014	74	16,6	0	0	1	1	2	7	3	76	14,3
04/09/2023	5	2	0	4	2	2,6	7	26,1	77	1013	55	0	0	0	4	1	2	14	3	79	12,5
05/09/2023	3	2	0	4	3	2,4	17	26,2	82	1014	238	0	0,2	0	1	1	3	9	4	75	9,4
06/09/2023	2	1	0	4	3	2	357	24,7	81	1016	258	0	0,7	0	2	4	9	5	14	62	6,9
07/09/2023	3	2	0	4	4	1,2	27	24,8	78	1016	239	0	0,7	0	1	2	10	6	13	67	4,7
08/09/2023	2	2	0	5	3	0,9	59	24,6	80	1015	106	0	0,2	0	1	2	9	5	11	65	3,7
09/09/2023	3	2	0	5	6	1,1	90	24,8	77	1015	251	0	0	0	2	4	11	4	17	52	3,9
10/09/2023	2	2	0	5	10	1,1	49	24,9	79	1015	223	0	0	0	3	2	8	4	9	54	4
11/09/2023	3	2	0	4	4	1,2	164	24,8	78	1013	217	0	0,2	0	4	6	11	5	20	53	4,2
12/09/2023	4	3	0,9	5	6	1,2	335	24,1	82	1012	161	10	0,6	0	3	2	15	8	17	49	5,1
13/09/2023	2	1	0	6	5	1,6	353	24,3	78	1016	243	0	0,8	0	2	5	12	5	19	51	6,1
14/09/2023	2	1	0	5	6	1,5	13	25,1	77	1016	234	0	0,2	0	1	2	7	4	9	60	5,7
15/09/2023	2	1	0	5	5	1,1	357	22,9	88	1011	94	24,2	0,4	0	1	2	10	3	12	52	4,7
16/09/2023	2	1	0	7	5	1	13	24,2	82	1010	199	0	0,4	0	1	2	10	5	13	54	3,8
17/09/2023	5	2	0	7	5	1,2	179	24,4	86	1010	194	5,8	0,5	0	1	2	12	12	14	44	4,5
18/09/2023	2	1	0	5	4	2	235	25,2	57	1013	189	0	0,7	0	1	2	14	5	16	56	7
19/09/2023	3	2	0	5	3	1,8	325	22,7	74	1015	96	29,2	0,4	0	2	8	17	6	28	50	7,3
20/09/2023	2	1	0	4	4	1,4	241	22,6	76	1010	231	0	0,4	0	1	5	17	6	25	52	5,4
21/09/2023	2	1	0,2	4	3	3,4	220	24,2	54	1005	201	0	1,1	0	3	3	18	5	23	48	11,5
22/09/2023	1	1	0	3	3	1,8	316	22,5	49	1010	250	0	0,3	0	1	2	10	2	13	59	6,7
23/09/2023	1	1	0	3	4	1,2	9	21,3	57	1017	246	0	0,5	0	2	2	11	3	13	56	4,9
24/09/2023	2	1	0	4	2	1,5	201	22,1	70	1019	242	0	0,6	0	5	2	15	4	18	55	5,5
25/09/2023	2	1	0	4	4	1	153	22,3	78	1018	236	0	1,2	0	4	10	16	5	31	47	3,5
26/09/2023	2	1	0,1	4	10	1	146	22,2	79	1018	224	0	5	0	3	8	14	4	26	50	3,6
27/09/2023	2	2	0	5	3	1,3	163					0	0,8	0	2			5			4,8
28/09/2023												0									
29/09/2023	3	2	0,1	5	5	1,2	208	23,4	85	1021	221	0	1,4	0	2	8	16	6	28	55	4
30/09/2023	4	3	0	4	6	1	239	23,5	80	1022	225	0	0,8	0,1	5	4	20	7	26		3,7
01/10/2023	3	2	0	4	6	1,4	6	23,6	72	1020	223	0	0,5	0	8	2	12	5	14		5,1
02/10/2023	3	2	0	5	6	1,5	359	23,3	84	1020	211	0	1,1	0	4	7	15	5	25		5,2
03/10/2023	3	2	0,1	6	6	0,8	26	23,8	84	1022	186	0	1,4	0,1	2	10	13	6	27		3,3
04/10/2023	3	2	0	5	5	1,1	212	24,8	80	1025	203	0	0,8	0	4	6	12	7	21		4,2
05/10/2023	3	3	0,1	5	5	0,9	181	23,6	81	1023	197	0	0,9	0	4	7	16	7	27	49	3,6
06/10/2023	4	3	0,1	6	5	0,9	152	23,3	85	1023	198	0	1,2	0	4	10	15	7	29	51	3,4
07/10/2023	4	4	0	5	4	1	176	23,8	82	1023	195	0	0,6	0	4	2	11	7	14	51	3,5
08/10/2023	4	3	0	5	7	0,9	127	22,9	83	1024	189	0	0,8	0	2	2	11	6	13	44	3,4
09/10/2023	4	3	0	5	4	1,1	212	21,7	80	1024	202	0	0,7	0	4	4	14	6	18	41	4,1
10/10/2023	3	2	0,1	4	4	1	210	21,2	78	1022	200	0	0,8	0	6	7	21	8	31	39	3,9
11/10/2023	4	3	0,1	4	4	1,1	212	21,3	80	1020	197	0	0,8	0,1	8	6	22	7	31	43	3,9
12/10/2023	4	3	0	5	3	0,9	157	21,1	82	1020	192	0	0,6	0	5	7	22	7	32	39	3,4
13/10/2023	4	3	0,1	5	5	1	159	21,1	83	1018	183	0	0,9	0,1	9	9	25	8	39	40	3,9
14/10/2023	4	3	0	6	7	0,8	2	22,8	75	1016	108	2,4	0,8	0	4	3	17	8	21	43	3,4
15/10/2023	3	2	0	7	5	1,1	193	22,4	78	1014	158	0,4	0,2	0	4	2	10	5	13	46	4
16/10/2023	3	2	0	7	4	1,1	337	22,4	82	1010	134	1	0,8	0	3	6	16	6	25	45	4,2
17/10/2023	4	3	0,1	7	6	0,8	13	22,1	86	1008	115	0	1,2	0	3	11	19	8	35	41	3,2
18/10/2023	2	1	0,4	7	4	4,2	213	24,9	57	1003	158	0	1,6	0,1	13	4	28	5	34	37	14,7
19/10/2023	2	1	0,4	5	4	4,4	181	22,9	62	994	79	0,2	2	0,2	25	2	20	7	23	57	15,7
20/10/2023	1	1	0	3	1	3,8	231	20,6	47	994	112	0	0,3	0	4	2	11	2	14	59	12,8
21/10/2023	1	1	0	2	4	1,2	228	16,8	50	1005	153	0	0,4	0,1	6	3	18	3	22	45	4,7
22/10/2023	1	1	0	2	3	1,5	324	17,3	66	1007	95	0,2	0,2	0	7	2	9	3	11	52	6,4
23/10/2023	2	1	0	4	2	2,7	199	20,7	67	1005	134	0	0,5	0	9	2	16	5	18	54	9,4
24/10/2023	1	1	0,1	5	3	3,6	220	20,7	47	1009	175	0	0,4	0	7	2	11	3	14	53	12
25/10/2023	1	1	0,2	5	2	3,3	216	22,2	50	1008	134	0	0,7	0,1	16	2	12	5	14	52	11,5
26/10/2023	1	1	0,2	7	4	3,4	212	23,4	54	1004	56	0	1,2	0,1	15	4	17	3	23	34	12
27/10/2023	2	1	0,1	3	4	2,7	227	19,7	50	1006	124	0	0,7	0	11	4	20	5	25	44	9
28/10/2023	1	1	0,1	4	4	3	231	20,8	50	1007	164	0	0,2	0	8	1	8	3	9	56	10
29/10/2023	3	2	0,1	4	4	2	197	18,3	69	1005	91	0	0,8	0,1	9	2	10	6	12	52	7,6
30/10/2023	2	1	0	4	4	2,7	222	19	57	1004	128	0	1,2	0	6	4	14	5	19	46	9,6
31/10/2023	2	1	0,1	1	5	0,9	133	16,5	52	1014	83	0	0,8	0,1	17	8	31	7	43	29	3,7
01/11/2023	2	1	0,1	3	3	3,6	210	18,7	53	1010	107	0	0,8	0	18	3	18	4	22	40	12,3
02/11/2023	1	1	0	4	3	6,9	233	21,5	46	999	127	0,4	0,3	0	2	1	4	5	5	64	24,2
03/11/2023	1	1	0	1	3	4,4	246	17,3	41	1002	137	0	0,2	0	3	1	6	3	8	57	16,6
04/11/2023	1	1	0	3	4	5,2	216	19,4	53	998	118	0	0,4	0	12	2	11	3	13	52	18,1
05/11/2023	1	1	0	1	3	3,7	236	18	41	1006	154	0	0,2	0	12	1	7	3	8	57	12,4
06/11/2023	2	1	0	0	2	1,4	328	14,9	57	1014	150	0	0,5	0,1	13			5		40	5,2
07/11/2023	2	1	0	0	3	1,3	278	13,4	58	1020	148	0	0,4	0	22			6		35	5,3
08/11/2023	3	2	0,1	0	5	0,8	210	12	65	1021	99	0	1,2	0,2	22			8		19	3,2
09/11/2023	3	2	0,1	1	4	1	344	14,8	68	1014	142	0	1,3	0,1	18			6		25	4,3
10/11/2023	3	2	0,1	0	3	1,1	245	16,2	66	1013	138	0	1,6	0,2	15			8		27	4,2
11/11/2023	2	1	0	0	3	2,6	229	17,9	65	1011	109	0	0,6	0	16	3	16	3	21	42	9,1
12/11/2023	2	1	0,1	1	4	1,5	204	20,1	60	1015	114	0	1	0,1	11	3	13	5	16	38	5,8
13/11/2023	3	2	0,2	0	4	0,9	7	17,9	67	1019	109	0	1,1	0,1	12			10		21	3,3
14/11/2023	4	3	0,3	0	5	0,7	350	16,9	71	1019	129	0	2,8	0,2	11			12		14	3,1
15/11/2023	3	2	0,2	0	5	0,7	255	17,1	71	1021	129	0	1,8	0,1	15			8		16	3,1
16/11/2023	5	3	0,2	0	4	0,8	178	15,5	83	1019	115	0	1,5	0,1	10			11		15	3
17/11/2023	3	2	0,4	5	6	0,8	61	16,9	78	1021	124	0	2,7	0,2	12			7		21	3,3
18/11/2023												0									
20/11/2023												0									
21/11/2023	2	2	0	4	1	1,5	263	16,6	49	1014	123	0	0,4	0	2	4	15	5	21	45	8,2
22/11/2023	1	1	0	2	1	1,8	284	17	37	1015	125	0	0	0	1	1	3	3	5	61	9,6
23/11/2023	3	2	0,1	3	3	1,2	248	12,3	49	1020	124	0	1,1	0,2	8	15	30	9	52	32	4,5
24/11/2023	5	3	0,3	6	6	1	228	12,1	54	1012	122	0	2,4	0,4	25	23	54	14	89	19	3,7
25/11/2023	5	3	0,2	7	5	0,9		13,2	69	1012	112	0	1,5	0,4	6	13	30	9	49	26	3,9
26/11/2023	4	3	0,1	6	5	0,7		11,5	86	1014	102	0	1	0,2	6	12	28	8	45	20	2,8
27/11/2023	7	5	0,2	7	4	0,8		11,9	83	1010	98	0	1,8	0,3	7	28	40	13	82	14	3,5
28/11/2023	5	3	0,3	8	3	0,8	249	16,3	61	1007	40	0	2	0,4	13	12	48	11	66	17	3,6
29/11/2023	3	2	0,1	9	5	1,2	133	15,8	75	1004	98	0	1,8	0,2	8	13	36	6	55	24	4,8
30/11/2023	1	1	0,1	9	4	4,4	176	20,1	61	1000	48	0	1,2	0,1	26	3	27	6	31	42	15,8
01/12/2023	1	1	0,1	4	3	4,6	218	18,5	48	997	58	0,2	0,6	0,1	8	2	13	3	14	56	15,1
02/12/2023	2	1	0	2	3	1,6	268	13,5	47	1011	109	0	0,4	0,1	9	3	12	3	16	49	6
03/12/2023	3	2	0	4	2	1,1	269	10,4	60	1019	112	0	0,6	0,2	13	5	24	5	31	30	4,1
04/12/2023	4	3	0,1	8	3	1	281	11,4	68	1013	58	1	0,8	0,2	20	10	37	7	53	21	4,1
05/12/2023	3	2	0,1	5	2	1	261	11,4	61	1015	102	0	1,1	0,2	7	13	33	6	54	30	4,3
06/12/2023	3	3	0	7	3	0,7	234	11,2	74	1015	95	0	0,7	0,2	9	6	32	5	41	24	2,8
07/12/2023	5	4	0	8	4	0,9	213	11,6	82	1016	89	3,8	0,5	0,1	12	9	34	9	47	21	3,6
08/12/2023	2	2	0	5	1	1,5	261	15,3	58	1013	74	0,2	0,1	0	7	2	16	3	18	45	7,3
09/12/2023	3	2	0	6	3	1	219	14,3	60	1019	92	0	0,6	0,2	22	5	29	6	37	33	4
10/12/2023	3	2	0,1	7	4	0,7	94	16	75	1020	88	0	0,7	0,2	12	7	23	5	33	28	3,1
11/12/2023	5	4	0,3	9	3	0,5	47	13,4	85	1017	93	0	2,9	0,4	7	37	38	10	95	10	2,3
12/12/2023	5	4	0,3	11	5	0,9	51	14,3	77	1013	30	0	3,3	0,3	7	31	45	12	93	12	3,9
13/12/2023	2	2	0,3	7	2	1,1	263	14,2	58	1011	29	0	0,8	0,1	8	8	39	6	52	23	4,8
14/12/2023	1	1	0	3	2	2	287	15,5	38	1020	105	0	0,3	0,1	3	1	6	4	7	56	10,5
15/12/2023	3	2	0,1	4	4	1,2	273	13,4	58	1031	104	0	0,9	0,1	7	10	32	9	47	35	5,1
16/12/2023	3	2	0,1	5	4	0,8	58	10,1	67	1035	104	0	0,7	0,2	14	8	35	5	47	26	3,1
17/12/2023	4	3	0	5	3	0,9	50	9,2	78	1036	102	0	0,5	0,2	5	3	21	6	25	29	3,3
18/12/2023	4	4	0,2	5	4	0,9	96	8,1	78	1034	103	0	1,3	0,3	10	21	33	8	66	23	2,9
19/12/2023	7	5	0,3	6	5	0,7	287	8,9	68	1027	103	0	2	0,5	9	31	49	16	97	15	2,8
20/12/2023	4	3	0,2	6	3	1,8	319	11,9	56	1020	49	0	1,7	0,2	3	13	22	10	42	39	9,9
21/12/2023	2	1	0,1	4	2	1,7	241	15,4	50	1022	102	0	0,7	0,1	4	5	22	7	30	46	7,2
22/12/2023	2	1	0	5	3	1,5	262	15,8	49	1021	103	0	0,8	0	6	2	16	6	18	50	6,7
23/12/2023	3	2	0	4	3	1	228	11,8	61	1023	103	0	0,4	0,1	5	4	18	4	24	41	4,1
24/12/2023	4	4	0	5	3	0,7	336	9,3	76	1022	102	0	0,6	0,2	4	5	18	6	26	32	2,7
25/12/2023	5	4	0	7	3	0,7	186	8,5	83	1020	102	0	0,9	0,3	2	6	18	6	26	26	2,7
26/12/2023	5	5	0,2	7	5	0,5	192	8,5	77	1021	105	0	1,4	0,4	4	16	21	7	45	23	2,3
27/12/2023	6	5	0,1	7	4	0,7	170	8,4	72	1022	105	0	1	0,3	3	10	24	9	39	24	2,8
28/12/2023	7	6	0,2	8	4	0,6	24	8,7	85	1023	62	0	1,3	0,4	3	11	29	9	46	24	2,6
29/12/2023	9	8	0,1	11	3	0,5	357	9,9	86	1020	46	0	1,5	0,3	2	13	34	12	54	18	2,5
30/12/2023	8	7	0,2	10	4	0,6	316	10,4	79	1018	98	0	2	0,5	1	9	32	10	45	22	2,5
31/12/2023	6	6	0,1	8	3	1,6	242	11,3	68	1014	33	0	0,8	0,4	2	3	24	8	29	31	5,7
